{
  "sample_layers": [
    0,
    5,
    10,
    15,
    20,
    25,
    30,
    35,
    38,
    39
  ],
  "n_pairs": 200,
  "fnames": [
    "polarity",
    "tense",
    "semantic",
    "sentiment",
    "number"
  ],
  "gram_drifts": [
    {
      "layer": 0,
      "det": 0.9234444825805392,
      "trace": 4.999999761581421,
      "frob_diff_L0": 0.0,
      "rel_diff_L0": 0.0
    },
    {
      "layer": 5,
      "det": 0.9453310641822659,
      "trace": 4.999999761581421,
      "frob_diff_L0": 0.3862159687692782,
      "rel_diff_L0": 0.1701366475127043
    },
    {
      "layer": 10,
      "det": 0.8852772500545915,
      "trace": 4.999999701976776,
      "frob_diff_L0": 0.5701033690328372,
      "rel_diff_L0": 0.251143100716504
    },
    {
      "layer": 15,
      "det": 0.8749975354281239,
      "trace": 4.999999821186066,
      "frob_diff_L0": 0.5687159615757433,
      "rel_diff_L0": 0.2505319171493504
    },
    {
      "layer": 20,
      "det": 0.8858776597076904,
      "trace": 4.999999821186066,
      "frob_diff_L0": 0.5806937544841533,
      "rel_diff_L0": 0.2558083989492413
    },
    {
      "layer": 25,
      "det": 0.9170038196097899,
      "trace": 4.999999761581421,
      "frob_diff_L0": 0.5265735040768903,
      "rel_diff_L0": 0.23196723568460043
    },
    {
      "layer": 30,
      "det": 0.9343165307467307,
      "trace": 5.0,
      "frob_diff_L0": 0.48805672625630875,
      "rel_diff_L0": 0.21499974603815292
    },
    {
      "layer": 35,
      "det": 0.9043016701947647,
      "trace": 5.000000596046448,
      "frob_diff_L0": 0.5987501041857546,
      "rel_diff_L0": 0.26376261900476333
    },
    {
      "layer": 38,
      "det": 0.8620361537343881,
      "trace": 5.000000298023224,
      "frob_diff_L0": 0.6480140910773324,
      "rel_diff_L0": 0.2854644911452443
    },
    {
      "layer": 39,
      "det": 0.8311473419207177,
      "trace": 5.0000001192092896,
      "frob_diff_L0": 0.7419995769200646,
      "rel_diff_L0": 0.32686716935943194
    }
  ],
  "gram_L0": [
    [
      1.0,
      -0.15203261375427246,
      0.05024357885122299,
      0.0009884126484394073,
      0.19646908342838287
    ],
    [
      -0.15203261375427246,
      1.0,
      0.03647937998175621,
      0.056811362504959106,
      -0.021806783974170685
    ],
    [
      0.05024357885122299,
      0.03647937998175621,
      0.9999998807907104,
      -0.07172560691833496,
      -0.045452818274497986
    ],
    [
      0.0009884126484394073,
      0.056811362504959106,
      -0.07172560691833496,
      1.0,
      -0.006602930836379528
    ],
    [
      0.19646908342838287,
      -0.021806783974170685,
      -0.045452818274497986,
      -0.006602930836379528,
      0.9999998807907104
    ]
  ],
  "adj_gram_diffs": [
    {
      "from": 0,
      "to": 5,
      "frob_diff": 0.3862159687692782,
      "rel_diff": 0.1701366475127043
    },
    {
      "from": 5,
      "to": 10,
      "frob_diff": 0.20667833206423186,
      "rel_diff": 0.09147748710458914
    },
    {
      "from": 10,
      "to": 15,
      "frob_diff": 0.08812409795155621,
      "rel_diff": 0.03855051664836442
    },
    {
      "from": 15,
      "to": 20,
      "frob_diff": 0.10365754584099202,
      "rel_diff": 0.04525364506188025
    },
    {
      "from": 20,
      "to": 25,
      "frob_diff": 0.12127502750207121,
      "rel_diff": 0.05302297572397877
    },
    {
      "from": 25,
      "to": 30,
      "frob_diff": 0.13328390707506169,
      "rel_diff": 0.058650914185861346
    },
    {
      "from": 30,
      "to": 35,
      "frob_diff": 0.17682376704832503,
      "rel_diff": 0.07810620003490873
    },
    {
      "from": 35,
      "to": 38,
      "frob_diff": 0.1637213561619187,
      "rel_diff": 0.07184552269529207
    },
    {
      "from": 38,
      "to": 39,
      "frob_diff": 0.29675663393096613,
      "rel_diff": 0.1292943579124794
    }
  ],
  "all_gram_matrices": {
    "0": [
      [
        1.0,
        -0.15203261375427246,
        0.05024357885122299,
        0.0009884126484394073,
        0.19646908342838287
      ],
      [
        -0.15203261375427246,
        1.0,
        0.03647937998175621,
        0.056811362504959106,
        -0.021806783974170685
      ],
      [
        0.05024357885122299,
        0.03647937998175621,
        0.9999998807907104,
        -0.07172560691833496,
        -0.045452818274497986
      ],
      [
        0.0009884126484394073,
        0.056811362504959106,
        -0.07172560691833496,
        1.0,
        -0.006602930836379528
      ],
      [
        0.19646908342838287,
        -0.021806783974170685,
        -0.045452818274497986,
        -0.006602930836379528,
        0.9999998807907104
      ]
    ],
    "5": [
      [
        0.9999998807907104,
        -0.03646944835782051,
        0.055197812616825104,
        0.17911341786384583,
        0.04087279736995697
      ],
      [
        -0.03646944835782051,
        0.9999998807907104,
        0.03960491344332695,
        0.03643026202917099,
        -0.048141300678253174
      ],
      [
        0.055197812616825104,
        0.03960491344332695,
        1.0,
        -0.09329746663570404,
        0.013220706954598427
      ],
      [
        0.17911341786384583,
        0.03643026202917099,
        -0.09329746663570404,
        1.0,
        0.008781582117080688
      ],
      [
        0.04087279736995697,
        -0.048141300678253174,
        0.013220706954598427,
        0.008781582117080688,
        1.0
      ]
    ],
    "10": [
      [
        1.0000001192092896,
        -0.01601274311542511,
        0.03202838450670242,
        0.31186825037002563,
        -0.0005835462361574173
      ],
      [
        -0.01601274311542511,
        0.9999996423721313,
        0.024675382301211357,
        0.042535264045000076,
        -0.0528508685529232
      ],
      [
        0.03202838450670242,
        0.024675382301211357,
        1.0,
        -0.08754242956638336,
        0.03604859858751297
      ],
      [
        0.31186825037002563,
        0.042535264045000076,
        -0.08754242956638336,
        0.9999999403953552,
        -0.006172288209199905
      ],
      [
        -0.0005835462361574173,
        -0.0528508685529232,
        0.03604859858751297,
        -0.006172288209199905,
        1.0
      ]
    ],
    "15": [
      [
        1.0000001192092896,
        -0.004985356237739325,
        0.03956446051597595,
        0.31343168020248413,
        0.03279858082532883
      ],
      [
        -0.004985356237739325,
        1.0,
        0.0019793566316366196,
        0.07246644794940948,
        -0.051803573966026306
      ],
      [
        0.03956446051597595,
        0.0019793566316366196,
        0.9999998211860657,
        -0.09952650964260101,
        0.0655049979686737
      ],
      [
        0.31343168020248413,
        0.07246644794940948,
        -0.09952650964260101,
        1.0,
        -0.01899188570678234
      ],
      [
        0.03279858082532883,
        -0.051803573966026306,
        0.0655049979686737,
        -0.01899188570678234,
        0.9999998807907104
      ]
    ],
    "20": [
      [
        0.9999999403953552,
        0.006394913420081139,
        -0.010237338952720165,
        0.30174145102500916,
        0.016683116555213928
      ],
      [
        0.006394913420081139,
        1.0,
        0.016439374536275864,
        0.06054074689745903,
        -0.013038504868745804
      ],
      [
        -0.010237338952720165,
        0.016439374536275864,
        0.9999998807907104,
        -0.11826154589653015,
        0.07235738635063171
      ],
      [
        0.30174145102500916,
        0.06054074689745903,
        -0.11826154589653015,
        0.9999998807907104,
        -0.029684973880648613
      ],
      [
        0.016683116555213928,
        -0.013038504868745804,
        0.07235738635063171,
        -0.029684973880648613,
        1.0000001192092896
      ]
    ],
    "25": [
      [
        0.9999998807907104,
        0.003926949109882116,
        0.015463801100850105,
        0.240835040807724,
        -0.0038690073415637016
      ],
      [
        0.003926949109882116,
        1.0,
        -0.0021217954345047474,
        0.05768471211194992,
        -0.012354521080851555
      ],
      [
        0.015463801100850105,
        -0.0021217954345047474,
        0.9999998807907104,
        -0.1314009130001068,
        0.05440334230661392
      ],
      [
        0.240835040807724,
        0.05768471211194992,
        -0.1314009130001068,
        1.0,
        0.01163165271282196
      ],
      [
        -0.0038690073415637016,
        -0.012354521080851555,
        0.05440334230661392,
        0.01163165271282196,
        1.0
      ]
    ],
    "30": [
      [
        1.000000238418579,
        -0.0031038860324770212,
        0.04662700742483139,
        0.17970451712608337,
        -0.03312969207763672
      ],
      [
        -0.0031038860324770212,
        0.9999998807907104,
        0.031114129349589348,
        0.03877416253089905,
        -0.003694918006658554
      ],
      [
        0.04662700742483139,
        0.031114129349589348,
        0.9999999403953552,
        -0.1550520807504654,
        0.022256560623645782
      ],
      [
        0.17970451712608337,
        0.03877416253089905,
        -0.1550520807504654,
        1.0,
        -0.0001401635818183422
      ],
      [
        -0.03312969207763672,
        -0.003694918006658554,
        0.022256560623645782,
        -0.0001401635818183422,
        0.9999999403953552
      ]
    ],
    "35": [
      [
        1.0,
        0.0025820722803473473,
        0.042949385941028595,
        0.17890578508377075,
        -0.08832631260156631
      ],
      [
        0.0025820722803473473,
        1.0000003576278687,
        -0.00022610370069742203,
        0.029707465320825577,
        -0.0036400859244167805
      ],
      [
        0.042949385941028595,
        -0.00022610370069742203,
        1.0000001192092896,
        -0.2020471692085266,
        0.09635336697101593
      ],
      [
        0.17890578508377075,
        0.029707465320825577,
        -0.2020471692085266,
        1.0000001192092896,
        -0.061596401035785675
      ],
      [
        -0.08832631260156631,
        -0.0036400859244167805,
        0.09635336697101593,
        -0.061596401035785675,
        1.0
      ]
    ],
    "38": [
      [
        1.000000238418579,
        0.032615695148706436,
        0.08398252725601196,
        0.2019382119178772,
        -0.0965292677283287
      ],
      [
        0.032615695148706436,
        1.0000001192092896,
        -0.038241997361183167,
        0.07733268290758133,
        -0.031836628913879395
      ],
      [
        0.08398252725601196,
        -0.038241997361183167,
        1.0,
        -0.25278180837631226,
        0.04954613745212555
      ],
      [
        0.2019382119178772,
        0.07733268290758133,
        -0.25278180837631226,
        0.9999998211860657,
        -0.030847612768411636
      ],
      [
        -0.0965292677283287,
        -0.031836628913879395,
        0.04954613745212555,
        -0.030847612768411636,
        1.0000001192092896
      ]
    ],
    "39": [
      [
        1.0000001192092896,
        0.04727308452129364,
        0.1431555300951004,
        0.13593940436840057,
        -0.19932852685451508
      ],
      [
        0.04727308452129364,
        0.9999998807907104,
        -0.03328414261341095,
        0.03350597992539406,
        -0.12398757040500641
      ],
      [
        0.1431555300951004,
        -0.03328414261341095,
        1.0,
        -0.24594232439994812,
        -0.023773033171892166
      ],
      [
        0.13593940436840057,
        0.03350597992539406,
        -0.24594232439994812,
        1.0,
        0.066788449883461
      ],
      [
        -0.19932852685451508,
        -0.12398757040500641,
        -0.023773033171892166,
        0.066788449883461,
        1.0000001192092896
      ]
    ]
  }
}