{
  "tense": {
    "s1_1_principal": {
      "n_samples": 300,
      "n_components_90": 1,
      "n_components_95": 1,
      "n_components_99": 1,
      "top5_singular_values": [
        17.317838668823242,
        0.1284625381231308,
        0.10212692618370056,
        0.07541438937187195,
        0.06387528032064438
      ],
      "top5_variance_explained": [
        0.9996917843818665,
        5.5008746130624786e-05,
        3.47663662978448e-05,
        1.895776586025022e-05,
        1.3600171769212466e-05
      ],
      "effective_dimension": 1.004025184708611,
      "cumvar_at_10": 0.9998582601547241,
      "cumvar_at_20": 0.9999043941497803
    },
    "s1_2_clustering": {
      "best_k": 8,
      "best_silhouette": 0.3169921934604645,
      "cluster_results": {
        "2": {
          "silhouette": 0.20429754257202148,
          "cluster_sizes": [
            152,
            148
          ]
        },
        "3": {
          "silhouette": 0.2437635362148285,
          "cluster_sizes": [
            31,
            119,
            150
          ]
        },
        "4": {
          "silhouette": 0.26222026348114014,
          "cluster_sizes": [
            31,
            115,
            105,
            49
          ]
        },
        "5": {
          "silhouette": 0.2871711850166321,
          "cluster_sizes": [
            34,
            31,
            100,
            101,
            34
          ]
        },
        "6": {
          "silhouette": 0.3098757863044739,
          "cluster_sizes": [
            34,
            100,
            31,
            84,
            34,
            17
          ]
        },
        "7": {
          "silhouette": 0.31392475962638855,
          "cluster_sizes": [
            34,
            98,
            31,
            80,
            34,
            6,
            17
          ]
        },
        "8": {
          "silhouette": 0.3169921934604645,
          "cluster_sizes": [
            30,
            42,
            6,
            84,
            30,
            16,
            31,
            61
          ]
        }
      },
      "n_clusters": 8,
      "center_cosine_matrix": [
        [
          1.0,
          0.9998870491981506,
          0.9995644092559814,
          0.9998440742492676,
          0.9998602271080017,
          0.9998318552970886,
          0.9996679425239563,
          0.999903678894043
        ],
        [
          0.9998870491981506,
          1.0000001192092896,
          0.9996601939201355,
          0.9999312162399292,
          0.9999087452888489,
          0.9998937249183655,
          0.9998075366020203,
          0.999946117401123
        ],
        [
          0.9995644092559814,
          0.9996601939201355,
          0.9999998211860657,
          0.9997116923332214,
          0.9995953440666199,
          0.9995657205581665,
          0.999262809753418,
          0.9996269345283508
        ],
        [
          0.9998440742492676,
          0.9999312162399292,
          0.9997116923332214,
          1.0000001192092896,
          0.9998648166656494,
          0.9998397827148438,
          0.9997843503952026,
          0.999888002872467
        ],
        [
          0.9998602271080017,
          0.9999087452888489,
          0.9995953440666199,
          0.9998648166656494,
          1.0000001192092896,
          0.9998541474342346,
          0.9996944665908813,
          0.9999176263809204
        ],
        [
          0.9998318552970886,
          0.9998937249183655,
          0.9995657205581665,
          0.9998397827148438,
          0.9998541474342346,
          1.0000001192092896,
          0.9996712803840637,
          0.9999002814292908
        ],
        [
          0.9996679425239563,
          0.9998075366020203,
          0.999262809753418,
          0.9997843503952026,
          0.9996944665908813,
          0.9996712803840637,
          0.9999999403953552,
          0.9997100234031677
        ],
        [
          0.999903678894043,
          0.999946117401123,
          0.9996269345283508,
          0.999888002872467,
          0.9999176263809204,
          0.9999002814292908,
          0.9997100234031677,
          0.9999998211860657
        ]
      ]
    },
    "s1_3_sparsity": {
      "l0_sparsity": 0.025066666666666668,
      "gini_coefficient": 0.9500575945702445,
      "sample_l0_mean": 0.025066666666666664,
      "sample_l0_std": 0.00984863216673034,
      "sample_l1_mean": 0.02136836014688015,
      "sample_l1_std": 0.00025218407972715795,
      "n_top_components": 50
    },
    "s1_4_compositionality": {
      "reconstruction_errors": {
        "1": 0.017228661105036736,
        "2": 0.015645969659090042,
        "3": 0.014482243917882442,
        "5": 0.013394764624536037,
        "10": 0.01174051035195589,
        "20": 0.009598691947758198
      },
      "additivity_test": {
        "mean_alignment_to_mean_dir": 0.9998309940099717,
        "std_alignment": 2.930636477391959e-05,
        "min_alignment": 0.9997791051864624,
        "max_alignment": 0.9998964667320251
      }
    },
    "s1_5_layer_depth": {
      "0": {
        "avg_cosine_to_mean": 0.9784681797027588,
        "n_samples": 20,
        "mean_diff_norm": 0.0
      },
      "7": {
        "avg_cosine_to_mean": 0.9999642908573151,
        "n_samples": 20,
        "mean_diff_norm": 0.0
      },
      "14": {
        "avg_cosine_to_mean": 0.9998958110809326,
        "n_samples": 20,
        "mean_diff_norm": 0.0
      },
      "21": {
        "avg_cosine_to_mean": 0.9997471749782563,
        "n_samples": 20,
        "mean_diff_norm": 0.0
      },
      "27": {
        "avg_cosine_to_mean": 0.9949730694293976,
        "n_samples": 20,
        "mean_diff_norm": 0.0
      }
    }
  },
  "polarity": {
    "s1_1_principal": {
      "n_samples": 200,
      "n_components_90": 1,
      "n_components_95": 1,
      "n_components_99": 1,
      "top5_singular_values": [
        14.127443313598633,
        0.5919492840766907,
        0.1268625408411026,
        0.10967762023210526,
        0.10522723942995071
      ],
      "top5_variance_explained": [
        0.9979231953620911,
        0.0017520197434350848,
        8.047051233006641e-05,
        6.0145895986352116e-05,
        5.5363852879963815e-05
      ],
      "effective_dimension": 1.0167664852498364,
      "cumvar_at_10": 0.9999534487724304,
      "cumvar_at_20": 0.9999687671661377
    },
    "s1_2_clustering": {
      "best_k": 2,
      "best_silhouette": 0.9903029799461365,
      "cluster_results": {
        "2": {
          "silhouette": 0.9903029799461365,
          "cluster_sizes": [
            196,
            4
          ]
        },
        "3": {
          "silhouette": 0.5169833898544312,
          "cluster_sizes": [
            98,
            4,
            98
          ]
        },
        "4": {
          "silhouette": 0.500160276889801,
          "cluster_sizes": [
            98,
            3,
            98,
            1
          ]
        },
        "5": {
          "silhouette": 0.49866726994514465,
          "cluster_sizes": [
            98,
            2,
            98,
            1,
            1
          ]
        },
        "6": {
          "silhouette": 0.4985921382904053,
          "cluster_sizes": [
            98,
            1,
            1,
            1,
            1,
            98
          ]
        },
        "7": {
          "silhouette": 0.506503701210022,
          "cluster_sizes": [
            68,
            1,
            1,
            98,
            1,
            1,
            30
          ]
        },
        "8": {
          "silhouette": 0.5406210422515869,
          "cluster_sizes": [
            98,
            1,
            1,
            1,
            30,
            1,
            30,
            38
          ]
        }
      },
      "n_clusters": 2,
      "center_cosine_matrix": [
        [
          1.0,
          -0.9553542137145996
        ],
        [
          -0.9553542137145996,
          1.000000238418579
        ]
      ]
    },
    "s1_3_sparsity": {
      "l0_sparsity": 0.0309,
      "gini_coefficient": 0.9610810579507947,
      "sample_l0_mean": 0.030899999999999997,
      "sample_l0_std": 0.015072823225925527,
      "sample_l1_mean": 0.02118872106075287,
      "sample_l1_std": 0.0010000445181503892,
      "n_top_components": 50
    },
    "s1_4_compositionality": {
      "reconstruction_errors": {
        "1": 0.020570414140820503,
        "2": 0.013182644732296467,
        "3": 0.012322435155510902,
        "5": 0.01044867280870676,
        "10": 0.006601391825824976,
        "20": 0.005390746518969536
      },
      "additivity_test": null
    },
    "s1_5_layer_depth": {
      "0": {
        "avg_cosine_to_mean": 0.8978047549724579,
        "n_samples": 20,
        "mean_diff_norm": 0.0
      },
      "7": {
        "avg_cosine_to_mean": 0.9999504953622818,
        "n_samples": 20,
        "mean_diff_norm": 0.0
      },
      "14": {
        "avg_cosine_to_mean": 0.9999085754156113,
        "n_samples": 20,
        "mean_diff_norm": 0.0
      },
      "21": {
        "avg_cosine_to_mean": 0.9998426049947738,
        "n_samples": 20,
        "mean_diff_norm": 0.0
      },
      "27": {
        "avg_cosine_to_mean": 0.9972633928060531,
        "n_samples": 20,
        "mean_diff_norm": 0.0
      }
    }
  },
  "syntax": {
    "s1_1_principal": {
      "n_samples": 215,
      "n_components_90": 2,
      "n_components_95": 12,
      "n_components_99": 30,
      "top5_singular_values": [
        13.41278076171875,
        3.862962484359741,
        1.444825291633606,
        1.152274489402771,
        1.057221531867981
      ],
      "top5_variance_explained": [
        0.8367565870285034,
        0.06940687447786331,
        0.009709394536912441,
        0.006175517570227385,
        0.005198684986680746
      ],
      "effective_dimension": 2.4091736040642098,
      "cumvar_at_10": 0.9457192420959473,
      "cumvar_at_20": 0.971630871295929
    },
    "s1_2_clustering": {
      "best_k": 3,
      "best_silhouette": 0.8683584332466125,
      "cluster_results": {
        "2": {
          "silhouette": 0.8563713431358337,
          "cluster_sizes": [
            177,
            38
          ]
        },
        "3": {
          "silhouette": 0.8683584332466125,
          "cluster_sizes": [
            177,
            35,
            3
          ]
        },
        "4": {
          "silhouette": 0.8363355994224548,
          "cluster_sizes": [
            177,
            10,
            25,
            3
          ]
        },
        "5": {
          "silhouette": 0.8372340202331543,
          "cluster_sizes": [
            177,
            12,
            3,
            11,
            12
          ]
        },
        "6": {
          "silhouette": 0.8389843106269836,
          "cluster_sizes": [
            177,
            8,
            3,
            14,
            10,
            3
          ]
        },
        "7": {
          "silhouette": 0.8378227949142456,
          "cluster_sizes": [
            177,
            1,
            7,
            3,
            13,
            11,
            3
          ]
        },
        "8": {
          "silhouette": 0.8410254120826721,
          "cluster_sizes": [
            7,
            177,
            3,
            5,
            8,
            11,
            1,
            3
          ]
        }
      },
      "n_clusters": 3,
      "center_cosine_matrix": [
        [
          1.000000238418579,
          0.10461323708295822,
          -0.999367892742157
        ],
        [
          0.10461323708295822,
          1.0000001192092896,
          -0.10335423052310944
        ],
        [
          -0.999367892742157,
          -0.10335423052310944,
          1.0000001192092896
        ]
      ]
    },
    "s1_3_sparsity": {
      "l0_sparsity": 0.15190697674418605,
      "gini_coefficient": 0.9194639525668982,
      "sample_l0_mean": 0.15190697674418602,
      "sample_l0_std": 0.23334093371432688,
      "sample_l1_mean": 0.03180643171072006,
      "sample_l1_std": 0.021614886820316315,
      "n_top_components": 50
    },
    "s1_4_compositionality": {
      "reconstruction_errors": {
        "1": 0.18932394683361053,
        "2": 0.14754977822303772,
        "3": 0.1407029777765274,
        "5": 0.132009357213974,
        "10": 0.11635319143533707,
        "20": 0.08636710792779922
      },
      "additivity_test": null
    },
    "s1_5_layer_depth": {
      "0": {
        "avg_cosine_to_mean": 0.7397903293371201,
        "n_samples": 20,
        "mean_diff_norm": 0.0
      },
      "7": {
        "avg_cosine_to_mean": 0.784930893778801,
        "n_samples": 20,
        "mean_diff_norm": 0.0
      },
      "14": {
        "avg_cosine_to_mean": 0.6615163445472717,
        "n_samples": 20,
        "mean_diff_norm": 0.0
      },
      "21": {
        "avg_cosine_to_mean": 0.6698455840349198,
        "n_samples": 20,
        "mean_diff_norm": 0.0
      },
      "27": {
        "avg_cosine_to_mean": 0.6264956250786782,
        "n_samples": 20,
        "mean_diff_norm": 0.0
      }
    }
  },
  "semantic": {
    "s1_1_principal": {
      "n_samples": 200,
      "n_components_90": 101,
      "n_components_95": 136,
      "n_components_99": 177,
      "top5_singular_values": [
        3.726529359817505,
        2.557435989379883,
        2.516371726989746,
        2.4063379764556885,
        2.391742467880249
      ],
      "top5_variance_explained": [
        0.06943508982658386,
        0.03270238637924194,
        0.03166062757372856,
        0.028952306136488914,
        0.028602153062820435
      ],
      "effective_dimension": 88.97947316169245,
      "cumvar_at_10": 0.3097829818725586,
      "cumvar_at_20": 0.49712616205215454
    },
    "s1_2_clustering": {
      "best_k": 8,
      "best_silhouette": 0.18865828216075897,
      "cluster_results": {
        "2": {
          "silhouette": 0.09859943389892578,
          "cluster_sizes": [
            148,
            52
          ]
        },
        "3": {
          "silhouette": 0.1095862165093422,
          "cluster_sizes": [
            106,
            84,
            10
          ]
        },
        "4": {
          "silhouette": 0.12688714265823364,
          "cluster_sizes": [
            55,
            85,
            50,
            10
          ]
        },
        "5": {
          "silhouette": 0.1364622712135315,
          "cluster_sizes": [
            35,
            65,
            10,
            50,
            40
          ]
        },
        "6": {
          "silhouette": 0.15912485122680664,
          "cluster_sizes": [
            20,
            30,
            58,
            32,
            50,
            10
          ]
        },
        "7": {
          "silhouette": 0.17836537957191467,
          "cluster_sizes": [
            30,
            35,
            44,
            41,
            25,
            10,
            15
          ]
        },
        "8": {
          "silhouette": 0.18865828216075897,
          "cluster_sizes": [
            15,
            16,
            40,
            30,
            34,
            10,
            15,
            40
          ]
        }
      },
      "n_clusters": 8,
      "center_cosine_matrix": [
        [
          1.0000001192092896,
          -0.049690842628479004,
          -0.04282151535153389,
          0.0018291524611413479,
          0.004264740273356438,
          -0.07256332039833069,
          0.039315901696681976,
          0.10850873589515686
        ],
        [
          -0.049690842628479004,
          1.0,
          0.14989231526851654,
          0.014422589913010597,
          -0.07452577352523804,
          -0.05530673265457153,
          0.036202915012836456,
          0.07635572552680969
        ],
        [
          -0.04282151535153389,
          0.14989231526851654,
          0.9999997615814209,
          -0.024033065885305405,
          -0.01509664487093687,
          0.02249700203537941,
          -0.008176175877451897,
          0.06854288280010223
        ],
        [
          0.0018291524611413479,
          0.014422589913010597,
          -0.024033065885305405,
          1.0,
          0.026310995221138,
          -0.06661438941955566,
          0.008965013548731804,
          -0.0027836603112518787
        ],
        [
          0.004264740273356438,
          -0.07452577352523804,
          -0.01509664487093687,
          0.026310995221138,
          0.9999999403953552,
          0.29291293025016785,
          0.08020924776792526,
          -0.23701900243759155
        ],
        [
          -0.07256332039833069,
          -0.05530673265457153,
          0.02249700203537941,
          -0.06661438941955566,
          0.29291293025016785,
          1.000000238418579,
          0.08779169619083405,
          -0.2119329869747162
        ],
        [
          0.039315901696681976,
          0.036202915012836456,
          -0.008176175877451897,
          0.008965013548731804,
          0.08020924776792526,
          0.08779169619083405,
          0.9999999403953552,
          -0.04235847666859627
        ],
        [
          0.10850873589515686,
          0.07635572552680969,
          0.06854288280010223,
          -0.0027836603112518787,
          -0.23701900243759155,
          -0.2119329869747162,
          -0.04235847666859627,
          0.9999998807907104
        ]
      ]
    },
    "s1_3_sparsity": {
      "l0_sparsity": 0.9115,
      "gini_coefficient": 0.46368163320289946,
      "sample_l0_mean": 0.9115000000000001,
      "sample_l0_std": 0.05409020243999831,
      "sample_l1_mean": 0.09266448020935059,
      "sample_l1_std": 0.010416928678750992,
      "n_top_components": 50
    },
    "s1_4_compositionality": {
      "reconstruction_errors": {
        "1": 0.9540700316429138,
        "2": 0.9365541338920593,
        "3": 0.9194815158843994,
        "5": 0.8879425525665283,
        "10": 0.817159116268158,
        "20": 0.6967287659645081
      },
      "additivity_test": null
    },
    "s1_5_layer_depth": {
      "0": {
        "avg_cosine_to_mean": 0.5190299242734909,
        "n_samples": 20,
        "mean_diff_norm": 0.0
      },
      "7": {
        "avg_cosine_to_mean": 0.48814631551504134,
        "n_samples": 20,
        "mean_diff_norm": 0.0
      },
      "14": {
        "avg_cosine_to_mean": 0.4609333336353302,
        "n_samples": 20,
        "mean_diff_norm": 0.0
      },
      "21": {
        "avg_cosine_to_mean": 0.4179470494389534,
        "n_samples": 20,
        "mean_diff_norm": 0.0
      },
      "27": {
        "avg_cosine_to_mean": 0.4111891135573387,
        "n_samples": 20,
        "mean_diff_norm": 0.0
      }
    }
  }
}