{
  "model": "glm4",
  "timestamp": "2026-04-18T14:00:27.060706",
  "s1_decomposition": {
    "tense": {
      "s1_1_principal": {
        "n_samples": 300,
        "n_components_90": 1,
        "n_components_95": 1,
        "n_components_99": 8,
        "top5_singular_values": [
          17.17107582092285,
          0.7907521724700928,
          0.6360349059104919,
          0.6174784302711487,
          0.5791647434234619
        ],
        "top5_variance_explained": [
          0.9828193187713623,
          0.002084296429529786,
          0.0013484676601365209,
          0.0012709317961707711,
          0.001118105836212635
        ],
        "effective_dimension": 1.1717968518389263,
        "cumvar_at_10": 0.9911969304084778,
        "cumvar_at_20": 0.9937945008277893
      },
      "s1_2_clustering": {
        "best_k": 8,
        "best_silhouette": 0.3435751795768738,
        "cluster_results": {
          "2": {
            "silhouette": 0.16136746108531952,
            "cluster_sizes": [
              85,
              215
            ]
          },
          "3": {
            "silhouette": 0.21385078132152557,
            "cluster_sizes": [
              85,
              175,
              40
            ]
          },
          "4": {
            "silhouette": 0.25699689984321594,
            "cluster_sizes": [
              43,
              151,
              86,
              20
            ]
          },
          "5": {
            "silhouette": 0.3076123595237732,
            "cluster_sizes": [
              40,
              107,
              90,
              20,
              43
            ]
          },
          "6": {
            "silhouette": 0.31967106461524963,
            "cluster_sizes": [
              35,
              85,
              77,
              40,
              20,
              43
            ]
          },
          "7": {
            "silhouette": 0.34319940209388733,
            "cluster_sizes": [
              40,
              85,
              43,
              73,
              20,
              19,
              20
            ]
          },
          "8": {
            "silhouette": 0.3435751795768738,
            "cluster_sizes": [
              38,
              85,
              45,
              15,
              40,
              37,
              20,
              20
            ]
          }
        },
        "n_clusters": 8,
        "center_cosine_matrix": [
          [
            0.9999997615814209,
            0.9913944005966187,
            0.9952573776245117,
            0.9885326623916626,
            0.9909257888793945,
            0.9928010702133179,
            0.98567795753479,
            0.9909831285476685
          ],
          [
            0.9913944005966187,
            0.9999997615814209,
            0.9956232905387878,
            0.9884711503982544,
            0.9924347400665283,
            0.9929547309875488,
            0.9874877333641052,
            0.9899336099624634
          ],
          [
            0.9952573776245117,
            0.9956232905387878,
            0.9999996423721313,
            0.9927504062652588,
            0.9944490790367126,
            0.9968177676200867,
            0.9892585873603821,
            0.9935442805290222
          ],
          [
            0.9885326623916626,
            0.9884711503982544,
            0.9927504062652588,
            1.000000238418579,
            0.9900120496749878,
            0.9924157857894897,
            0.9828538298606873,
            0.9916876554489136
          ],
          [
            0.9909257888793945,
            0.9924347400665283,
            0.9944490790367126,
            0.9900120496749878,
            1.000000238418579,
            0.9931597709655762,
            0.9862759709358215,
            0.9902482032775879
          ],
          [
            0.9928010702133179,
            0.9929547309875488,
            0.9968177676200867,
            0.9924157857894897,
            0.9931597709655762,
            1.0000004768371582,
            0.9881159067153931,
            0.994104266166687
          ],
          [
            0.98567795753479,
            0.9874877333641052,
            0.9892585873603821,
            0.9828538298606873,
            0.9862759709358215,
            0.9881159067153931,
            0.9999996423721313,
            0.9843984842300415
          ],
          [
            0.9909831285476685,
            0.9899336099624634,
            0.9935442805290222,
            0.9916876554489136,
            0.9902482032775879,
            0.994104266166687,
            0.9843984842300415,
            1.0
          ]
        ]
      },
      "s1_3_sparsity": {
        "l0_sparsity": 0.3831333333333333,
        "gini_coefficient": 0.8095978399966839,
        "sample_l0_mean": 0.3831333333333333,
        "sample_l0_std": 0.11751673166924878,
        "sample_l1_mean": 0.030583234503865242,
        "sample_l1_std": 0.0022983187809586525,
        "n_top_components": 50
      },
      "s1_4_compositionality": {
        "reconstruction_errors": {
          "1": 0.12929019331932068,
          "2": 0.11976886540651321,
          "3": 0.11442114412784576,
          "5": 0.10434239357709885,
          "10": 0.0922100841999054,
          "20": 0.07669692486524582
        },
        "additivity_test": {
          "mean_alignment_to_mean_dir": 0.9901184380054474,
          "std_alignment": 0.002183942471777096,
          "min_alignment": 0.9870752096176147,
          "max_alignment": 0.9942893981933594
        }
      },
      "s1_5_layer_depth": {
        "0": {
          "avg_cosine_to_mean": 0.9786836951971054,
          "n_samples": 20,
          "mean_diff_norm": 0.0
        },
        "10": {
          "avg_cosine_to_mean": 0.9992135107517243,
          "n_samples": 20,
          "mean_diff_norm": 0.0
        },
        "20": {
          "avg_cosine_to_mean": 0.9951790273189545,
          "n_samples": 20,
          "mean_diff_norm": 0.0
        },
        "30": {
          "avg_cosine_to_mean": 0.9582070350646973,
          "n_samples": 20,
          "mean_diff_norm": 0.0
        },
        "39": {
          "avg_cosine_to_mean": 0.9999784380197525,
          "n_samples": 20,
          "mean_diff_norm": 0.0
        }
      }
    },
    "polarity": {
      "s1_1_principal": {
        "n_samples": 200,
        "n_components_90": 1,
        "n_components_95": 1,
        "n_components_99": 3,
        "top5_singular_values": [
          13.944491386413574,
          1.8781394958496094,
          0.45119333267211914,
          0.4276721775531769,
          0.40814051032066345
        ],
        "top5_variance_explained": [
          0.9722442626953125,
          0.017637040466070175,
          0.001017877133563161,
          0.0009145175572484732,
          0.000832893478218466
        ],
        "effective_dimension": 1.202729465518358,
        "cumvar_at_10": 0.9953389167785645,
        "cumvar_at_20": 0.996758222579956
      },
      "s1_2_clustering": {
        "best_k": 2,
        "best_silhouette": 0.9272663593292236,
        "cluster_results": {
          "2": {
            "silhouette": 0.9272663593292236,
            "cluster_sizes": [
              196,
              4
            ]
          },
          "3": {
            "silhouette": 0.2264881730079651,
            "cluster_sizes": [
              60,
              4,
              136
            ]
          },
          "4": {
            "silhouette": 0.917002260684967,
            "cluster_sizes": [
              196,
              1,
              2,
              1
            ]
          },
          "5": {
            "silhouette": 0.21152395009994507,
            "cluster_sizes": [
              136,
              2,
              60,
              1,
              1
            ]
          },
          "6": {
            "silhouette": 0.27860695123672485,
            "cluster_sizes": [
              136,
              2,
              1,
              30,
              1,
              30
            ]
          },
          "7": {
            "silhouette": 0.34069955348968506,
            "cluster_sizes": [
              30,
              2,
              1,
              102,
              34,
              1,
              30
            ]
          },
          "8": {
            "silhouette": 0.3427644371986389,
            "cluster_sizes": [
              106,
              1,
              1,
              1,
              30,
              30,
              30,
              1
            ]
          }
        },
        "n_clusters": 2,
        "center_cosine_matrix": [
          [
            1.0,
            0.0020384485833346844
          ],
          [
            0.0020384485833346844,
            1.0
          ]
        ]
      },
      "s1_3_sparsity": {
        "l0_sparsity": 0.2521,
        "gini_coefficient": 0.8503941539366264,
        "sample_l0_mean": 0.2521,
        "sample_l0_std": 0.10714284857142824,
        "sample_l1_mean": 0.027409138157963753,
        "sample_l1_std": 0.0020027232822030783,
        "n_top_components": 50
      },
      "s1_4_compositionality": {
        "reconstruction_errors": {
          "1": 0.10591690242290497,
          "2": 0.09249617904424667,
          "3": 0.09055577963590622,
          "5": 0.08299928903579712,
          "10": 0.06614405661821365,
          "20": 0.05520540103316307
        },
        "additivity_test": null
      },
      "s1_5_layer_depth": {
        "0": {
          "avg_cosine_to_mean": 0.8934853971004486,
          "n_samples": 20,
          "mean_diff_norm": 0.0
        },
        "10": {
          "avg_cosine_to_mean": 0.9994539529085159,
          "n_samples": 20,
          "mean_diff_norm": 0.0
        },
        "20": {
          "avg_cosine_to_mean": 0.996944260597229,
          "n_samples": 20,
          "mean_diff_norm": 0.0
        },
        "30": {
          "avg_cosine_to_mean": 0.923271867632866,
          "n_samples": 20,
          "mean_diff_norm": 0.0
        },
        "39": {
          "avg_cosine_to_mean": 0.99997698366642,
          "n_samples": 20,
          "mean_diff_norm": 0.0
        }
      }
    },
    "syntax": {
      "s1_1_principal": {
        "n_samples": 215,
        "n_components_90": 7,
        "n_components_95": 22,
        "n_components_99": 54,
        "top5_singular_values": [
          13.03265380859375,
          3.6544981002807617,
          1.949449896812439,
          1.4445950984954834,
          1.3475942611694336
        ],
        "top5_variance_explained": [
          0.7900002598762512,
          0.06211793050169945,
          0.01767606846988201,
          0.009706301614642143,
          0.008446558378636837
        ],
        "effective_dimension": 3.3697172839386575,
        "cumvar_at_10": 0.9140773415565491,
        "cumvar_at_20": 0.9454681277275085
      },
      "s1_2_clustering": {
        "best_k": 3,
        "best_silhouette": 0.8177148103713989,
        "cluster_results": {
          "2": {
            "silhouette": 0.807237982749939,
            "cluster_sizes": [
              175,
              40
            ]
          },
          "3": {
            "silhouette": 0.8177148103713989,
            "cluster_sizes": [
              175,
              35,
              5
            ]
          },
          "4": {
            "silhouette": 0.7872729897499084,
            "cluster_sizes": [
              24,
              175,
              5,
              11
            ]
          },
          "5": {
            "silhouette": 0.7924069166183472,
            "cluster_sizes": [
              175,
              18,
              5,
              12,
              5
            ]
          },
          "6": {
            "silhouette": 0.7955848574638367,
            "cluster_sizes": [
              175,
              16,
              12,
              5,
              2,
              5
            ]
          },
          "7": {
            "silhouette": 0.7955719828605652,
            "cluster_sizes": [
              175,
              15,
              5,
              3,
              9,
              6,
              2
            ]
          },
          "8": {
            "silhouette": 0.7954378128051758,
            "cluster_sizes": [
              175,
              17,
              5,
              10,
              2,
              2,
              3,
              1
            ]
          }
        },
        "n_clusters": 3,
        "center_cosine_matrix": [
          [
            1.0000003576278687,
            0.013443216681480408,
            -0.03907389938831329
          ],
          [
            0.013443216681480408,
            1.0,
            0.002068188041448593
          ],
          [
            -0.03907389938831329,
            0.002068188041448593,
            1.0
          ]
        ]
      },
      "s1_3_sparsity": {
        "l0_sparsity": 0.5135813953488372,
        "gini_coefficient": 0.7797466997008402,
        "sample_l0_mean": 0.5135813953488372,
        "sample_l0_std": 0.19417975759207787,
        "sample_l1_mean": 0.041346218436956406,
        "sample_l1_std": 0.021022753790020943,
        "n_top_components": 50
      },
      "s1_4_compositionality": {
        "reconstruction_errors": {
          "1": 0.32402369379997253,
          "2": 0.2876216173171997,
          "3": 0.2740984261035919,
          "5": 0.2607291042804718,
          "10": 0.23915618658065796,
          "20": 0.20598502457141876
        },
        "additivity_test": null
      },
      "s1_5_layer_depth": {
        "0": {
          "avg_cosine_to_mean": 0.7316237032413483,
          "n_samples": 20,
          "mean_diff_norm": 0.0
        },
        "10": {
          "avg_cosine_to_mean": 0.6618186205625534,
          "n_samples": 20,
          "mean_diff_norm": 0.0
        },
        "20": {
          "avg_cosine_to_mean": 0.6059856072068215,
          "n_samples": 20,
          "mean_diff_norm": 0.0
        },
        "30": {
          "avg_cosine_to_mean": 0.6387883186340332,
          "n_samples": 20,
          "mean_diff_norm": 0.0
        },
        "39": {
          "avg_cosine_to_mean": 0.6430464655160903,
          "n_samples": 20,
          "mean_diff_norm": 0.0
        }
      }
    },
    "semantic": {
      "s1_1_principal": {
        "n_samples": 200,
        "n_components_90": 108,
        "n_components_95": 141,
        "n_components_99": 179,
        "top5_singular_values": [
          3.3324193954467773,
          2.9805641174316406,
          2.495575189590454,
          2.3478760719299316,
          2.2282333374023438
        ],
        "top5_variance_explained": [
          0.055525075644254684,
          0.04441879689693451,
          0.031139468774199486,
          0.02756260335445404,
          0.024825112894177437
        ],
        "effective_dimension": 98.22143626966592,
        "cumvar_at_10": 0.2984442114830017,
        "cumvar_at_20": 0.47172296047210693
      },
      "s1_2_clustering": {
        "best_k": 8,
        "best_silhouette": 0.16636723279953003,
        "cluster_results": {
          "2": {
            "silhouette": 0.08470515161752701,
            "cluster_sizes": [
              105,
              95
            ]
          },
          "3": {
            "silhouette": 0.1284356266260147,
            "cluster_sizes": [
              71,
              119,
              10
            ]
          },
          "4": {
            "silhouette": 0.13583606481552124,
            "cluster_sizes": [
              24,
              102,
              10,
              64
            ]
          },
          "5": {
            "silhouette": 0.12042082101106644,
            "cluster_sizes": [
              5,
              67,
              10,
              54,
              64
            ]
          },
          "6": {
            "silhouette": 0.15536724030971527,
            "cluster_sizes": [
              20,
              21,
              25,
              40,
              84,
              10
            ]
          },
          "7": {
            "silhouette": 0.16630971431732178,
            "cluster_sizes": [
              15,
              10,
              50,
              62,
              48,
              5,
              10
            ]
          },
          "8": {
            "silhouette": 0.16636723279953003,
            "cluster_sizes": [
              6,
              10,
              40,
              10,
              19,
              64,
              36,
              15
            ]
          }
        },
        "n_clusters": 8,
        "center_cosine_matrix": [
          [
            1.0,
            -0.013062376528978348,
            0.0016256216913461685,
            0.02979542315006256,
            0.024857036769390106,
            0.2594144642353058,
            -0.2339494377374649,
            -0.0979049801826477
          ],
          [
            -0.013062376528978348,
            1.000000238418579,
            0.12414469569921494,
            -0.036323562264442444,
            -0.12812966108322144,
            0.03842433914542198,
            -0.011541441082954407,
            -0.021852482110261917
          ],
          [
            0.0016256216913461685,
            0.12414469569921494,
            1.0,
            -0.07323531806468964,
            -0.15036547183990479,
            0.20909732580184937,
            -0.03887009620666504,
            0.0451488122344017
          ],
          [
            0.02979542315006256,
            -0.036323562264442444,
            -0.07323531806468964,
            1.000000238418579,
            0.05105440691113472,
            -0.07103721797466278,
            0.0909077599644661,
            0.012999497354030609
          ],
          [
            0.024857036769390106,
            -0.12812966108322144,
            -0.15036547183990479,
            0.05105440691113472,
            1.0,
            -0.1187155544757843,
            0.04998595640063286,
            -0.038746919482946396
          ],
          [
            0.2594144642353058,
            0.03842433914542198,
            0.20909732580184937,
            -0.07103721797466278,
            -0.1187155544757843,
            0.9999998807907104,
            -0.1734953671693802,
            -0.09892554581165314
          ],
          [
            -0.2339494377374649,
            -0.011541441082954407,
            -0.03887009620666504,
            0.0909077599644661,
            0.04998595640063286,
            -0.1734953671693802,
            1.0,
            0.023336190730333328
          ],
          [
            -0.0979049801826477,
            -0.021852482110261917,
            0.0451488122344017,
            0.012999497354030609,
            -0.038746919482946396,
            -0.09892554581165314,
            0.023336190730333328,
            1.0
          ]
        ]
      },
      "s1_3_sparsity": {
        "l0_sparsity": 0.9062,
        "gini_coefficient": 0.4684790162488388,
        "sample_l0_mean": 0.9061999999999999,
        "sample_l0_std": 0.07365840074288878,
        "sample_l1_mean": 0.0903037041425705,
        "sample_l1_std": 0.011193707585334778,
        "n_top_components": 50
      },
      "s1_4_compositionality": {
        "reconstruction_errors": {
          "1": 0.9689821004867554,
          "2": 0.9371695518493652,
          "3": 0.9192913174629211,
          "5": 0.8907593488693237,
          "10": 0.8256760239601135,
          "20": 0.7153091430664062
        },
        "additivity_test": null
      },
      "s1_5_layer_depth": {
        "0": {
          "avg_cosine_to_mean": 0.5088637381792068,
          "n_samples": 20,
          "mean_diff_norm": 0.0
        },
        "10": {
          "avg_cosine_to_mean": 0.44824564903974534,
          "n_samples": 20,
          "mean_diff_norm": 0.0
        },
        "20": {
          "avg_cosine_to_mean": 0.42074837237596513,
          "n_samples": 20,
          "mean_diff_norm": 0.0
        },
        "30": {
          "avg_cosine_to_mean": 0.449843718111515,
          "n_samples": 20,
          "mean_diff_norm": 0.0
        },
        "39": {
          "avg_cosine_to_mean": 0.4190531685948372,
          "n_samples": 20,
          "mean_diff_norm": 0.0
        }
      }
    }
  }
}