{
  "tense": {
    "s1_1_principal": {
      "n_samples": 300,
      "n_components_90": 1,
      "n_components_95": 1,
      "n_components_99": 1,
      "top5_singular_values": [
        17.308481216430664,
        0.2540878355503082,
        0.18022316694259644,
        0.16494743525981903,
        0.15424615144729614
      ],
      "top5_variance_explained": [
        0.9986114501953125,
        0.0002152020315406844,
        0.00010826793004525825,
        9.069215593626723e-05,
        7.930622814456001e-05
      ],
      "effective_dimension": 1.0163480174010897,
      "cumvar_at_10": 0.9993192553520203,
      "cumvar_at_20": 0.9995062351226807
    },
    "s1_2_clustering": {
      "best_k": 8,
      "best_silhouette": 0.30116668343544006,
      "cluster_results": {
        "2": {
          "silhouette": 0.227839857339859,
          "cluster_sizes": [
            152,
            148
          ]
        },
        "3": {
          "silhouette": 0.23713213205337524,
          "cluster_sizes": [
            44,
            147,
            109
          ]
        },
        "4": {
          "silhouette": 0.2333116978406906,
          "cluster_sizes": [
            24,
            124,
            33,
            119
          ]
        },
        "5": {
          "silhouette": 0.26499658823013306,
          "cluster_sizes": [
            30,
            124,
            91,
            31,
            24
          ]
        },
        "6": {
          "silhouette": 0.26271525025367737,
          "cluster_sizes": [
            72,
            30,
            44,
            77,
            16,
            61
          ]
        },
        "7": {
          "silhouette": 0.28063592314720154,
          "cluster_sizes": [
            15,
            30,
            53,
            30,
            75,
            73,
            24
          ]
        },
        "8": {
          "silhouette": 0.30116668343544006,
          "cluster_sizes": [
            45,
            53,
            45,
            8,
            46,
            24,
            16,
            63
          ]
        }
      },
      "n_clusters": 8,
      "center_cosine_matrix": [
        [
          0.9999998807907104,
          0.9994568824768066,
          0.9995047450065613,
          0.9988312125205994,
          0.9996314644813538,
          0.9991166591644287,
          0.9992254376411438,
          0.9994227290153503
        ],
        [
          0.9994568824768066,
          1.0,
          0.9993361234664917,
          0.9990734457969666,
          0.9993899464607239,
          0.9995331764221191,
          0.9991123080253601,
          0.9997570514678955
        ],
        [
          0.9995047450065613,
          0.9993361234664917,
          1.0,
          0.9988051652908325,
          0.9996170401573181,
          0.9989696145057678,
          0.9992027878761292,
          0.9992876052856445
        ],
        [
          0.9988312125205994,
          0.9990734457969666,
          0.9988051652908325,
          1.0,
          0.9988736510276794,
          0.9978769421577454,
          0.9986474514007568,
          0.9992246627807617
        ],
        [
          0.9996314644813538,
          0.9993899464607239,
          0.9996170401573181,
          0.9988736510276794,
          1.0,
          0.9990630149841309,
          0.9993579387664795,
          0.9993751645088196
        ],
        [
          0.9991166591644287,
          0.9995331764221191,
          0.9989696145057678,
          0.9978769421577454,
          0.9990630149841309,
          0.9999998807907104,
          0.9988190531730652,
          0.9994306564331055
        ],
        [
          0.9992254376411438,
          0.9991123080253601,
          0.9992027878761292,
          0.9986474514007568,
          0.9993579387664795,
          0.9988190531730652,
          0.9999999403953552,
          0.9991634488105774
        ],
        [
          0.9994227290153503,
          0.9997570514678955,
          0.9992876052856445,
          0.9992246627807617,
          0.9993751645088196,
          0.9994306564331055,
          0.9991634488105774,
          1.0
        ]
      ]
    },
    "s1_3_sparsity": {
      "l0_sparsity": 0.0666,
      "gini_coefficient": 0.9167722210755438,
      "sample_l0_mean": 0.06659999999999999,
      "sample_l0_std": 0.0276243853626948,
      "sample_l1_mean": 0.023013336583971977,
      "sample_l1_std": 0.0007420649635605514,
      "n_top_components": 50
    },
    "s1_4_compositionality": {
      "reconstruction_errors": {
        "1": 0.0365409217774868,
        "2": 0.03323118016123772,
        "3": 0.03160179778933525,
        "5": 0.029038038104772568,
        "10": 0.025270001962780952,
        "20": 0.02142595686018467
      },
      "additivity_test": {
        "mean_alignment_to_mean_dir": 0.9992459356784821,
        "std_alignment": 0.0002447044223537174,
        "min_alignment": 0.9988860487937927,
        "max_alignment": 0.9996947050094604
      }
    },
    "s1_5_layer_depth": {
      "0": {
        "avg_cosine_to_mean": 0.9832206815481186,
        "n_samples": 20,
        "mean_diff_norm": 0.0
      },
      "9": {
        "avg_cosine_to_mean": 0.9997484505176544,
        "n_samples": 20,
        "mean_diff_norm": 0.0
      },
      "18": {
        "avg_cosine_to_mean": 0.9995372295379639,
        "n_samples": 20,
        "mean_diff_norm": 0.0
      },
      "27": {
        "avg_cosine_to_mean": 0.9973909527063369,
        "n_samples": 20,
        "mean_diff_norm": 0.0
      },
      "35": {
        "avg_cosine_to_mean": 0.9601331204175949,
        "n_samples": 20,
        "mean_diff_norm": 0.0
      }
    }
  },
  "polarity": {
    "s1_1_principal": {
      "n_samples": 200,
      "n_components_90": 1,
      "n_components_95": 1,
      "n_components_99": 2,
      "top5_singular_values": [
        13.996715545654297,
        1.8220932483673096,
        0.5386453866958618,
        0.47683465480804443,
        0.40564846992492676
      ],
      "top5_variance_explained": [
        0.9795399308204651,
        0.0166001133620739,
        0.0014506938168779016,
        0.0011368561536073685,
        0.0008227531216107309
      ],
      "effective_dimension": 1.1234021750562617,
      "cumvar_at_10": 0.999793291091919,
      "cumvar_at_20": 0.9998619556427002
    },
    "s1_2_clustering": {
      "best_k": 2,
      "best_silhouette": 0.9739496111869812,
      "cluster_results": {
        "2": {
          "silhouette": 0.9739496111869812,
          "cluster_sizes": [
            196,
            4
          ]
        },
        "3": {
          "silhouette": 0.9652385115623474,
          "cluster_sizes": [
            196,
            3,
            1
          ]
        },
        "4": {
          "silhouette": 0.9639623761177063,
          "cluster_sizes": [
            196,
            1,
            2,
            1
          ]
        },
        "5": {
          "silhouette": 0.9634393453598022,
          "cluster_sizes": [
            196,
            1,
            1,
            1,
            1
          ]
        },
        "6": {
          "silhouette": 0.40746957063674927,
          "cluster_sizes": [
            136,
            1,
            1,
            1,
            1,
            60
          ]
        },
        "7": {
          "silhouette": 0.4560241401195526,
          "cluster_sizes": [
            30,
            1,
            1,
            1,
            1,
            136,
            30
          ]
        },
        "8": {
          "silhouette": 0.4475434124469757,
          "cluster_sizes": [
            102,
            1,
            1,
            1,
            1,
            30,
            30,
            34
          ]
        }
      },
      "n_clusters": 2,
      "center_cosine_matrix": [
        [
          1.0,
          0.006623853463679552
        ],
        [
          0.006623853463679552,
          1.0000001192092896
        ]
      ]
    },
    "s1_3_sparsity": {
      "l0_sparsity": 0.0379,
      "gini_coefficient": 0.94757891908216,
      "sample_l0_mean": 0.0379,
      "sample_l0_std": 0.023357868053399053,
      "sample_l1_mean": 0.02180180698633194,
      "sample_l1_std": 0.0014021589886397123,
      "n_top_components": 50
    },
    "s1_4_compositionality": {
      "reconstruction_errors": {
        "1": 0.040251635015010834,
        "2": 0.028289280831813812,
        "3": 0.025767173618078232,
        "5": 0.020031824707984924,
        "10": 0.01343285758048296,
        "20": 0.011121634393930435
      },
      "additivity_test": null
    },
    "s1_5_layer_depth": {
      "0": {
        "avg_cosine_to_mean": 0.8722224920988083,
        "n_samples": 20,
        "mean_diff_norm": 0.0
      },
      "9": {
        "avg_cosine_to_mean": 0.9998500287532807,
        "n_samples": 20,
        "mean_diff_norm": 0.0
      },
      "18": {
        "avg_cosine_to_mean": 0.9998244404792785,
        "n_samples": 20,
        "mean_diff_norm": 0.0
      },
      "27": {
        "avg_cosine_to_mean": 0.9987036377191544,
        "n_samples": 20,
        "mean_diff_norm": 0.0
      },
      "35": {
        "avg_cosine_to_mean": 0.9747703790664672,
        "n_samples": 20,
        "mean_diff_norm": 0.0
      }
    }
  },
  "syntax": {
    "s1_1_principal": {
      "n_samples": 215,
      "n_components_90": 3,
      "n_components_95": 13,
      "n_components_99": 31,
      "top5_singular_values": [
        13.388940811157227,
        3.6441328525543213,
        1.389509677886963,
        1.2266716957092285,
        1.1615419387817383
      ],
      "top5_variance_explained": [
        0.8337846994400024,
        0.06176605820655823,
        0.008980171754956245,
        0.006998712662607431,
        0.0062752533704042435
      ],
      "effective_dimension": 2.5246201054131934,
      "cumvar_at_10": 0.9413278698921204,
      "cumvar_at_20": 0.9703583121299744
    },
    "s1_2_clustering": {
      "best_k": 3,
      "best_silhouette": 0.8462761640548706,
      "cluster_results": {
        "2": {
          "silhouette": 0.8459481000900269,
          "cluster_sizes": [
            175,
            40
          ]
        },
        "3": {
          "silhouette": 0.8462761640548706,
          "cluster_sizes": [
            175,
            35,
            5
          ]
        },
        "4": {
          "silhouette": 0.8252853751182556,
          "cluster_sizes": [
            175,
            9,
            26,
            5
          ]
        },
        "5": {
          "silhouette": 0.8186164498329163,
          "cluster_sizes": [
            175,
            21,
            11,
            5,
            3
          ]
        },
        "6": {
          "silhouette": 0.813983142375946,
          "cluster_sizes": [
            175,
            7,
            5,
            17,
            7,
            4
          ]
        },
        "7": {
          "silhouette": 0.8203325867652893,
          "cluster_sizes": [
            175,
            14,
            5,
            5,
            5,
            8,
            3
          ]
        },
        "8": {
          "silhouette": 0.8197426199913025,
          "cluster_sizes": [
            175,
            9,
            5,
            5,
            6,
            3,
            1,
            11
          ]
        }
      },
      "n_clusters": 3,
      "center_cosine_matrix": [
        [
          0.9999998807907104,
          -0.06095654144883156,
          -0.9693329334259033
        ],
        [
          -0.06095654144883156,
          1.000000238418579,
          0.0807613879442215
        ],
        [
          -0.9693329334259033,
          0.0807613879442215,
          1.0000001192092896
        ]
      ]
    },
    "s1_3_sparsity": {
      "l0_sparsity": 0.2092093023255814,
      "gini_coefficient": 0.885847358738433,
      "sample_l0_mean": 0.20920930232558138,
      "sample_l0_std": 0.22707611244624412,
      "sample_l1_mean": 0.033759962767362595,
      "sample_l1_std": 0.02142648957669735,
      "n_top_components": 50
    },
    "s1_4_compositionality": {
      "reconstruction_errors": {
        "1": 0.21250493824481964,
        "2": 0.17611096799373627,
        "3": 0.16980426013469696,
        "5": 0.15997256338596344,
        "10": 0.13983049988746643,
        "20": 0.10567741096019745
      },
      "additivity_test": null
    },
    "s1_5_layer_depth": {
      "0": {
        "avg_cosine_to_mean": 0.7837678074836731,
        "n_samples": 20,
        "mean_diff_norm": 0.0
      },
      "9": {
        "avg_cosine_to_mean": 0.6854643106460572,
        "n_samples": 20,
        "mean_diff_norm": 0.0
      },
      "18": {
        "avg_cosine_to_mean": 0.6168212711811065,
        "n_samples": 20,
        "mean_diff_norm": 0.0
      },
      "27": {
        "avg_cosine_to_mean": 0.6744893193244934,
        "n_samples": 20,
        "mean_diff_norm": 0.0
      },
      "35": {
        "avg_cosine_to_mean": 0.6692029476165772,
        "n_samples": 20,
        "mean_diff_norm": 0.0
      }
    }
  },
  "semantic": {
    "s1_1_principal": {
      "n_samples": 200,
      "n_components_90": 104,
      "n_components_95": 136,
      "n_components_99": 175,
      "top5_singular_values": [
        3.634477376937866,
        3.0974385738372803,
        2.754441261291504,
        2.433279275894165,
        2.362274646759033
      ],
      "top5_variance_explained": [
        0.06604711711406708,
        0.04797062277793884,
        0.03793472796678543,
        0.029604235664010048,
        0.027901701629161835
      ],
      "effective_dimension": 93.30657521053155,
      "cumvar_at_10": 0.32396364212036133,
      "cumvar_at_20": 0.4910735487937927
    },
    "s1_2_clustering": {
      "best_k": 2,
      "best_silhouette": 0.17106656730175018,
      "cluster_results": {
        "2": {
          "silhouette": 0.17106656730175018,
          "cluster_sizes": [
            180,
            20
          ]
        },
        "3": {
          "silhouette": 0.09669788181781769,
          "cluster_sizes": [
            83,
            20,
            97
          ]
        },
        "4": {
          "silhouette": 0.1174841970205307,
          "cluster_sizes": [
            89,
            10,
            51,
            50
          ]
        },
        "5": {
          "silhouette": 0.1266060769557953,
          "cluster_sizes": [
            25,
            36,
            53,
            76,
            10
          ]
        },
        "6": {
          "silhouette": 0.12897779047489166,
          "cluster_sizes": [
            34,
            29,
            35,
            10,
            48,
            44
          ]
        },
        "7": {
          "silhouette": 0.13697434961795807,
          "cluster_sizes": [
            16,
            40,
            24,
            10,
            27,
            43,
            40
          ]
        },
        "8": {
          "silhouette": 0.15257267653942108,
          "cluster_sizes": [
            32,
            10,
            52,
            27,
            41,
            21,
            7,
            10
          ]
        }
      },
      "n_clusters": 2,
      "center_cosine_matrix": [
        [
          1.000000238418579,
          -0.14798761904239655
        ],
        [
          -0.14798761904239655,
          1.000000238418579
        ]
      ]
    },
    "s1_3_sparsity": {
      "l0_sparsity": 0.9099,
      "gini_coefficient": 0.4691233454307675,
      "sample_l0_mean": 0.9099,
      "sample_l0_std": 0.08195114398225321,
      "sample_l1_mean": 0.0890214666724205,
      "sample_l1_std": 0.011774018406867981,
      "n_top_components": 50
    },
    "s1_4_compositionality": {
      "reconstruction_errors": {
        "1": 0.9558126926422119,
        "2": 0.9293193221092224,
        "3": 0.9048126339912415,
        "5": 0.8737463355064392,
        "10": 0.8058688640594482,
        "20": 0.6985068321228027
      },
      "additivity_test": null
    },
    "s1_5_layer_depth": {
      "0": {
        "avg_cosine_to_mean": 0.5260620504617691,
        "n_samples": 20,
        "mean_diff_norm": 0.0
      },
      "9": {
        "avg_cosine_to_mean": 0.4457737371325493,
        "n_samples": 20,
        "mean_diff_norm": 0.0
      },
      "18": {
        "avg_cosine_to_mean": 0.38117731735110283,
        "n_samples": 20,
        "mean_diff_norm": 0.0
      },
      "27": {
        "avg_cosine_to_mean": 0.4384886994957924,
        "n_samples": 20,
        "mean_diff_norm": 0.0
      },
      "35": {
        "avg_cosine_to_mean": 0.4086036741733551,
        "n_samples": 20,
        "mean_diff_norm": 0.0
      }
    }
  }
}