
============================================================
Phase CCX: deepseek7b (n_pairs=120)
Path: D:/develop/model/hub/modelscope_cache/deepseek-ai/DeepSeek-R1-Distill-Qwen-7B
============================================================
[02:35:33] Loading model...
[02:35:55] Loaded in 21.9s: n_layers=28, device=cuda:0
Resid layers: [0, 3, 7, 11, 15, 19, 23, 27]

============================================================
S1: Residual全层扫描 (7 features x 8 layers x 120 pairs)
============================================================
  L0 [323s]: tense=140(n=120), polarity=134(n=120), number=131(n=120), negation=116(n=120), question=109(n=120), sentiment=674(n=120), semantic_topic=722(n=120)
  L3 [333s]: tense=184(n=120), polarity=241(n=120), number=128(n=120), negation=190(n=120), question=178(n=120), sentiment=679(n=120), semantic_topic=750(n=120)
  L7 [333s]: tense=246(n=120), polarity=319(n=120), number=202(n=120), negation=311(n=120), question=281(n=120), sentiment=711(n=120), semantic_topic=818(n=120)
  L11 [333s]: tense=311(n=120), polarity=400(n=120), number=246(n=120), negation=374(n=120), question=371(n=120), sentiment=750(n=120), semantic_topic=868(n=120)
  L15 [333s]: tense=306(n=120), polarity=463(n=120), number=269(n=120), negation=420(n=120), question=591(n=120), sentiment=803(n=120), semantic_topic=954(n=120)
  L19 [333s]: tense=346(n=120), polarity=552(n=120), number=255(n=120), negation=475(n=120), question=774(n=120), sentiment=885(n=120), semantic_topic=917(n=120)
  L23 [332s]: tense=410(n=120), polarity=425(n=120), number=324(n=120), negation=544(n=120), question=815(n=120), sentiment=801(n=120), semantic_topic=878(n=120)
  L27 [332s]: tense=480(n=120), polarity=743(n=120), number=383(n=120), negation=1000(n=120), question=1073(n=120), sentiment=869(n=120), semantic_topic=962(n=120)

============================================================
S2: Attn vs MLP
============================================================
  L0 tense: attn=143.6(50%), mlp=140.9(50%)
  L0 polarity: attn=123.9(45%), mlp=150.2(55%)
  L0 number: attn=116.2(60%), mlp=76.1(40%)
  L0 sentiment: attn=777.6(62%), mlp=481.6(38%)
  L27 tense: attn=529.1(52%), mlp=484.9(48%)
  L27 polarity: attn=602.3(54%), mlp=511.0(46%)
  L27 number: attn=261.8(49%), mlp=273.1(51%)
  L27 sentiment: attn=752.9(47%), mlp=849.1(53%)

============================================================
S3: 代数拟合 + 对偶验证
============================================================
  tense: linear R2=0.970, L0=140, L_final=480, growth=3.43x, relative_growth=0.0763 => SYNTACTIC
  polarity: linear R2=0.846, L0=134, L_final=743, growth=5.53x, relative_growth=0.1040 => SYNTACTIC
  number: linear R2=0.939, L0=131, L_final=383, growth=2.92x, relative_growth=0.0712 => SYNTACTIC
  negation: exponential R2=0.913, L0=116, L_final=1000, growth=8.64x, relative_growth=0.2907 => SYNTACTIC
  question: linear R2=0.979, L0=109, L_final=1073, growth=9.85x, relative_growth=0.6008 => SYNTACTIC
  sentiment: linear R2=0.837, L0=674, L_final=869, growth=1.29x, relative_growth=0.0116 => SEMANTIC
  semantic_topic: power_law R2=0.860, L0=722, L_final=962, growth=1.33x, relative_growth=0.0109 => SEMANTIC

============================================================
S4: 对偶假设统计检验
============================================================
  Syntactic growth_ratios: [3.431591376429502, 5.53019674426901, 2.923532786697364, 8.638896378336145, 9.85352401279666]
  Semantic growth_ratios: [1.2900457886899983, 1.332544344266947]
  Syntactic L0: [139.7993392944336, 134.39060974121094, 131.1417694091797, 115.77648544311523, 108.87722396850586]
  Semantic L0: [673.8652648925781, 721.6533813476562]
  Syntactic relative_growth: [0.07633249594521486, 0.10402821277429654, 0.07117610071150494, 0.2907023859708682, 0.6007820610388453]
  Semantic relative_growth: [0.01159751769939707, 0.010877302025497712]
  Growth ratio: U=10.0, p=0.0476 (syntactic > semantic?)
  L0 value: U=10.0, p=0.0476 (semantic > syntactic?)

============================================================
FINAL: deepseek7b
============================================================

Residual median_l2:
  L0: tense=140(n=120), polarity=134(n=120), number=131(n=120), negation=116(n=120), question=109(n=120), sentiment=674(n=120), semantic_topic=722(n=120)
  L11: tense=311(n=120), polarity=400(n=120), number=246(n=120), negation=374(n=120), question=371(n=120), sentiment=750(n=120), semantic_topic=868(n=120)
  L15: tense=306(n=120), polarity=463(n=120), number=269(n=120), negation=420(n=120), question=591(n=120), sentiment=803(n=120), semantic_topic=954(n=120)
  L19: tense=346(n=120), polarity=552(n=120), number=255(n=120), negation=475(n=120), question=774(n=120), sentiment=885(n=120), semantic_topic=917(n=120)
  L23: tense=410(n=120), polarity=425(n=120), number=324(n=120), negation=544(n=120), question=815(n=120), sentiment=801(n=120), semantic_topic=878(n=120)
  L27: tense=480(n=120), polarity=743(n=120), number=383(n=120), negation=1000(n=120), question=1073(n=120), sentiment=869(n=120), semantic_topic=962(n=120)
  L3: tense=184(n=120), polarity=241(n=120), number=128(n=120), negation=190(n=120), question=178(n=120), sentiment=679(n=120), semantic_topic=750(n=120)
  L7: tense=246(n=120), polarity=319(n=120), number=202(n=120), negation=311(n=120), question=281(n=120), sentiment=711(n=120), semantic_topic=818(n=120)

Duality Classification:
  tense: growth=3.43x, L0=140, best=linear(R2=0.970) => SYNTACTIC
  polarity: growth=5.53x, L0=134, best=linear(R2=0.846) => SYNTACTIC
  number: growth=2.92x, L0=131, best=linear(R2=0.939) => SYNTACTIC
  negation: growth=8.64x, L0=116, best=exponential(R2=0.913) => SYNTACTIC
  question: growth=9.85x, L0=109, best=linear(R2=0.979) => SYNTACTIC
  sentiment: growth=1.29x, L0=674, best=linear(R2=0.837) => SEMANTIC
  semantic_topic: growth=1.33x, L0=722, best=power_law(R2=0.860) => SEMANTIC

DONE! Saved to results\causal_fiber\deepseek7b_ccx
