=== Phase CCLIV: Multi-Feature Causal Geometry ===
Model: GLM4-9B-Chat
Features: tense(lexical), question(syntactic), negation(syntactic), number(morphological), voice(syntactic)
Start: 2026-04-25 12:02:26
  Loading: GLM4-9B-Chat (8bit)
Model loaded successfully

=== Layer 5 ===
       tense: CR=0.230, PR=15.6, align=0.488, dim90=16
    question: CR=0.366, PR=16.4, align=0.607, dim90=16
    negation: CR=0.267, PR=14.6, align=0.530, dim90=15
      number: CR=0.118, PR=16.5, align=0.342, dim90=16
       voice: CR=0.263, PR=13.5, align=0.508, dim90=15
  Cross-feature cos matrix:
                tense  question  negation    number     voice
       tense     1.000     0.031     0.125     0.049    -0.030
    question     0.031     1.000     0.147    -0.002     0.126
    negation     0.125     0.147     1.000     0.039     0.129
      number     0.049    -0.002     0.039     1.000    -0.007
       voice    -0.030     0.126     0.129    -0.007     1.000
  Efficacy summary:
         tense: eff=0.335, E/R=1.85
      question: eff=0.138, E/R=1.48
      negation: eff=0.150, E/R=1.61
        number: eff=0.135, E/R=0.92
         voice: eff=0.084, E/R=0.95

=== Layer 10 ===
       tense: CR=0.212, PR=15.2, align=0.470, dim90=16
    question: CR=0.393, PR=16.0, align=0.629, dim90=16
    negation: CR=0.252, PR=15.2, align=0.512, dim90=16
      number: CR=0.130, PR=15.6, align=0.360, dim90=16
       voice: CR=0.271, PR=13.2, align=0.517, dim90=15
  Cross-feature cos matrix:
                tense  question  negation    number     voice
       tense     1.000    -0.011     0.045    -0.016    -0.010
    question    -0.011     1.000     0.170    -0.034     0.165
    negation     0.045     0.170     1.000     0.046     0.105
      number    -0.016    -0.034     0.046     1.000    -0.007
       voice    -0.010     0.165     0.105    -0.007     1.000
  Efficacy summary:
         tense: eff=0.527, E/R=3.93
      question: eff=0.161, E/R=1.85
      negation: eff=0.202, E/R=2.20
        number: eff=0.238, E/R=1.60
         voice: eff=0.070, E/R=1.03

=== Layer 20 ===
       tense: CR=0.210, PR=14.4, align=0.473, dim90=15
    question: CR=0.438, PR=14.7, align=0.664, dim90=16
    negation: CR=0.229, PR=14.3, align=0.495, dim90=15
      number: CR=0.124, PR=15.2, align=0.347, dim90=16
       voice: CR=0.304, PR=12.5, align=0.542, dim90=15
  Cross-feature cos matrix:
                tense  question  negation    number     voice
       tense     1.000     0.027     0.031    -0.009    -0.032
    question     0.027     1.000     0.111    -0.048     0.166
    negation     0.031     0.111     1.000     0.035     0.121
      number    -0.009    -0.048     0.035     1.000     0.010
       voice    -0.032     0.166     0.121     0.010     1.000
  Efficacy summary:
         tense: eff=0.605, E/R=6.11
      question: eff=0.210, E/R=2.70
      negation: eff=0.415, E/R=3.64
        number: eff=0.299, E/R=2.35
         voice: eff=0.149, E/R=2.20

=== Layer 30 ===
       tense: CR=0.220, PR=10.7, align=0.489, dim90=15
    question: CR=0.415, PR=13.0, align=0.651, dim90=16
    negation: CR=0.266, PR=13.8, align=0.530, dim90=15
      number: CR=0.140, PR=13.4, align=0.372, dim90=15
       voice: CR=0.239, PR=10.8, align=0.483, dim90=15
  Cross-feature cos matrix:
                tense  question  negation    number     voice
       tense     1.000    -0.024    -0.039    -0.047    -0.043
    question    -0.024     1.000     0.099    -0.096     0.143
    negation    -0.039     0.099     1.000    -0.013     0.121
      number    -0.047    -0.096    -0.013     1.000    -0.018
       voice    -0.043     0.143     0.121    -0.018     1.000
  Efficacy summary:
         tense: eff=0.562, E/R=9.86
      question: eff=0.396, E/R=7.30
      negation: eff=0.530, E/R=9.14
        number: eff=0.444, E/R=5.00
         voice: eff=0.332, E/R=5.40

=== Layer 38 ===
       tense: CR=0.221, PR=12.2, align=0.486, dim90=15
    question: CR=0.460, PR=11.5, align=0.685, dim90=15
    negation: CR=0.268, PR=14.5, align=0.526, dim90=15
      number: CR=0.178, PR=12.7, align=0.407, dim90=15
       voice: CR=0.226, PR=10.4, align=0.471, dim90=15
  Cross-feature cos matrix:
                tense  question  negation    number     voice
       tense     1.000    -0.022    -0.067    -0.069    -0.097
    question    -0.022     1.000     0.171    -0.238     0.195
    negation    -0.067     0.171     1.000    -0.070     0.217
      number    -0.069    -0.238    -0.070     1.000    -0.109
       voice    -0.097     0.195     0.217    -0.109     1.000
  Efficacy summary:
         tense: eff=0.510, E/R=12.32
      question: eff=0.573, E/R=11.99
      negation: eff=0.551, E/R=12.23
        number: eff=0.416, E/R=5.96
         voice: eff=0.361, E/R=10.24

======================================================================
ANALYSIS
======================================================================

  CR across depth:
     L       tense    question    negation      number       voice
     5       0.230       0.366       0.267       0.118       0.263
    10       0.212       0.393       0.252       0.130       0.271
    20       0.210       0.438       0.229       0.124       0.304
    30       0.220       0.415       0.266       0.140       0.239
    38       0.221       0.460       0.268       0.178       0.226

  Depth correlations:
       Feature           Type  Corr_CR  Corr_PR  Corr_ER  Corr_Al
         tense        lexical   -0.100   -0.900   +1.000   +0.200
      question      syntactic   +0.900   -1.000   +1.000   +0.900
      negation      syntactic   +0.300   -0.600   +1.000   -0.200
        number  morphological   +0.900   -1.000   +1.000   +0.900
         voice      syntactic   -0.600   -1.000   +1.000   -0.600

  Group analysis (syntactic vs lexical/morphological):
  Syntactic features: ['question', 'negation', 'voice']
    Mean Corr(CR): +0.200
    Mean Corr(PR): -0.867
    Mean Corr(E/R): +1.000
  Lexical/Morphological features: ['tense', 'number']
    Mean Corr(CR): +0.400
    Mean Corr(PR): -0.950
    Mean Corr(E/R): +1.000

  PREDICTIONS:
    NOT SUPPORTED: Syntactic CR increases with depth (mean Corr=+0.200)
    NOT SUPPORTED: Lexical/Morph CR does NOT increase with depth (mean Corr=+0.400)
    SUPPORTED: All features E/R increases with depth (mean Corr=+1.000)
    SUPPORTED: Syntactic PR decreases with depth (mean Corr=-0.867)

  INTERPRETATION:
  => Syntax-Lexical Dual-Track model PARTIALLY supported

  Efficacy Ratio across depth:
     L       tense    question    negation      number       voice
     5        1.85        1.48        1.61        0.92        0.95
    10        3.93        1.85        2.20        1.60        1.03
    20        6.11        2.70        3.64        2.35        2.20
    30        9.86        7.30        9.14        5.00        5.40
    38       12.32       11.99       12.23        5.96       10.24

End: 2026-04-25 12:19:31
Results saved to results/causal_fiber/glm4_ccliv/results.json
