=== Phase CCLIV: Multi-Feature Causal Geometry ===
Model: Qwen3-4B
Features: tense(lexical), question(syntactic), negation(syntactic), number(morphological), voice(syntactic)
Start: 2026-04-25 11:49:52
Model loaded successfully

=== Layer 4 ===
       tense: CR=0.198, PR=14.6, align=0.456, dim90=15
    question: CR=0.420, PR=15.6, align=0.651, dim90=16
    negation: CR=0.291, PR=13.7, align=0.548, dim90=15
      number: CR=0.143, PR=11.2, align=0.348, dim90=13
       voice: CR=0.269, PR=12.5, align=0.511, dim90=15
  Cross-feature cos matrix:
                tense  question  negation    number     voice
       tense     1.000    -0.051     0.153     0.097    -0.026
    question    -0.051     1.000     0.020     0.130     0.154
    negation     0.153     0.020     1.000     0.116     0.028
      number     0.097     0.130     0.116     1.000     0.017
       voice    -0.026     0.154     0.028     0.017     1.000
  Efficacy summary:
         tense: eff=0.270, E/R=0.79
      question: eff=0.281, E/R=1.15
      negation: eff=0.337, E/R=0.97
        number: eff=0.422, E/R=1.40
         voice: eff=0.468, E/R=1.52

=== Layer 9 ===
       tense: CR=0.282, PR=14.2, align=0.543, dim90=15
    question: CR=0.406, PR=15.9, align=0.640, dim90=16
    negation: CR=0.212, PR=14.3, align=0.470, dim90=15
      number: CR=0.133, PR=13.0, align=0.360, dim90=15
       voice: CR=0.262, PR=12.8, align=0.500, dim90=15
  Cross-feature cos matrix:
                tense  question  negation    number     voice
       tense     1.000     0.061     0.105     0.078     0.034
    question     0.061     1.000     0.125     0.092     0.192
    negation     0.105     0.125     1.000     0.091     0.016
      number     0.078     0.092     0.091     1.000     0.080
       voice     0.034     0.192     0.016     0.080     1.000
  Efficacy summary:
         tense: eff=0.544, E/R=1.79
      question: eff=0.285, E/R=0.97
      negation: eff=0.390, E/R=1.14
        number: eff=0.397, E/R=1.09
         voice: eff=0.393, E/R=1.33

=== Layer 18 ===
       tense: CR=0.215, PR=14.1, align=0.476, dim90=15
    question: CR=0.446, PR=15.7, align=0.671, dim90=16
    negation: CR=0.219, PR=15.3, align=0.474, dim90=16
      number: CR=0.099, PR=12.8, align=0.307, dim90=15
       voice: CR=0.272, PR=12.7, align=0.516, dim90=15
  Cross-feature cos matrix:
                tense  question  negation    number     voice
       tense     1.000     0.013     0.029    -0.019    -0.022
    question     0.013     1.000     0.149     0.039     0.154
    negation     0.029     0.149     1.000     0.083     0.054
      number    -0.019     0.039     0.083     1.000     0.041
       voice    -0.022     0.154     0.054     0.041     1.000
  Efficacy summary:
         tense: eff=0.548, E/R=1.99
      question: eff=0.307, E/R=1.30
      negation: eff=0.385, E/R=1.34
        number: eff=0.379, E/R=1.11
         voice: eff=0.332, E/R=0.95

=== Layer 27 ===
       tense: CR=0.210, PR=13.0, align=0.472, dim90=15
    question: CR=0.490, PR=14.7, align=0.702, dim90=16
    negation: CR=0.306, PR=14.5, align=0.564, dim90=15
      number: CR=0.128, PR=11.3, align=0.356, dim90=14
       voice: CR=0.269, PR=12.5, align=0.515, dim90=15
  Cross-feature cos matrix:
                tense  question  negation    number     voice
       tense     1.000     0.042     0.012    -0.020    -0.012
    question     0.042     1.000     0.079    -0.046     0.130
    negation     0.012     0.079     1.000     0.095     0.140
      number    -0.020    -0.046     0.095     1.000    -0.024
       voice    -0.012     0.130     0.140    -0.024     1.000
  Efficacy summary:
         tense: eff=0.670, E/R=2.50
      question: eff=0.633, E/R=2.47
      negation: eff=0.566, E/R=2.54
        number: eff=0.383, E/R=1.46
         voice: eff=0.561, E/R=2.10

=== Layer 34 ===
       tense: CR=0.219, PR=12.6, align=0.482, dim90=15
    question: CR=0.523, PR=13.1, align=0.732, dim90=15
    negation: CR=0.296, PR=14.5, align=0.554, dim90=15
      number: CR=0.146, PR=10.9, align=0.375, dim90=14
       voice: CR=0.205, PR=11.3, align=0.451, dim90=15
  Cross-feature cos matrix:
                tense  question  negation    number     voice
       tense     1.000     0.078    -0.006    -0.036    -0.040
    question     0.078     1.000     0.046    -0.037     0.088
    negation    -0.006     0.046     1.000     0.127     0.174
      number    -0.036    -0.037     0.127     1.000     0.033
       voice    -0.040     0.088     0.174     0.033     1.000
  Efficacy summary:
         tense: eff=0.670, E/R=2.70
      question: eff=0.773, E/R=3.20
      negation: eff=0.581, E/R=2.04
        number: eff=0.406, E/R=1.79
         voice: eff=0.631, E/R=2.54

======================================================================
ANALYSIS
======================================================================

  CR across depth:
     L       tense    question    negation      number       voice
     4       0.198       0.420       0.291       0.143       0.269
     9       0.282       0.406       0.212       0.133       0.262
    18       0.215       0.446       0.219       0.099       0.272
    27       0.210       0.490       0.306       0.128       0.269
    34       0.219       0.523       0.296       0.146       0.205

  Depth correlations:
       Feature           Type  Corr_CR  Corr_PR  Corr_ER  Corr_Al
         tense        lexical   +0.300   -1.000   +1.000   +0.300
      question      syntactic   +0.900   -0.700   +0.900   +0.900
      negation      syntactic   +0.600   +0.700   +0.900   +0.600
        number  morphological   +0.100   -0.400   +0.700   +0.500
         voice      syntactic   -0.500   -0.400   +0.600   -0.200

  Group analysis (syntactic vs lexical/morphological):
  Syntactic features: ['question', 'negation', 'voice']
    Mean Corr(CR): +0.333
    Mean Corr(PR): -0.133
    Mean Corr(E/R): +0.800
  Lexical/Morphological features: ['tense', 'number']
    Mean Corr(CR): +0.200
    Mean Corr(PR): -0.700
    Mean Corr(E/R): +0.850

  PREDICTIONS:
    SUPPORTED: Syntactic CR increases with depth (mean Corr=+0.333)
    SUPPORTED: Lexical/Morph CR does NOT increase with depth (mean Corr=+0.200)
    SUPPORTED: All features E/R increases with depth (mean Corr=+0.820)
    NOT SUPPORTED: Syntactic PR decreases with depth (mean Corr=-0.133)

  INTERPRETATION:
  => Syntax-Lexical Dual-Track model STRONGLY SUPPORTED!

  Efficacy Ratio across depth:
     L       tense    question    negation      number       voice
     4        0.79        1.15        0.97        1.40        1.52
     9        1.79        0.97        1.14        1.09        1.33
    18        1.99        1.30        1.34        1.11        0.95
    27        2.50        2.47        2.54        1.46        2.10
    34        2.70        3.20        2.04        1.79        2.54

End: 2026-04-25 11:51:38
Results saved to results/causal_fiber/qwen3_ccliv/results.json
