{
  "sample_layers": [
    0,
    3,
    6,
    7,
    9,
    12,
    14,
    15,
    18,
    21,
    24,
    26,
    27
  ],
  "n_pairs": 200,
  "fnames": [
    "polarity",
    "tense",
    "semantic",
    "sentiment",
    "number"
  ],
  "gram_drifts": [
    {
      "layer": 0,
      "det": 0.9476456835270185,
      "trace": 4.999999761581421,
      "frob_diff_L0": 0.0,
      "rel_diff_L0": 0.0
    },
    {
      "layer": 3,
      "det": 0.9594984450077254,
      "trace": 5.000000178813934,
      "frob_diff_L0": 0.14385708384372964,
      "rel_diff_L0": 0.0636967900540713
    },
    {
      "layer": 6,
      "det": 0.9459914338292761,
      "trace": 4.999999940395355,
      "frob_diff_L0": 0.20535777154921606,
      "rel_diff_L0": 0.09092795787902734
    },
    {
      "layer": 7,
      "det": 0.9360834235343739,
      "trace": 5.0000001192092896,
      "frob_diff_L0": 0.2369498707799008,
      "rel_diff_L0": 0.10491625277766625
    },
    {
      "layer": 9,
      "det": 0.9216458279331916,
      "trace": 4.999999821186066,
      "frob_diff_L0": 0.3171453206627057,
      "rel_diff_L0": 0.1404250549721122
    },
    {
      "layer": 12,
      "det": 0.9167268813994741,
      "trace": 4.999999582767487,
      "frob_diff_L0": 0.3106587080849534,
      "rel_diff_L0": 0.13755292390642193
    },
    {
      "layer": 14,
      "det": 0.9228725202439213,
      "trace": 5.0,
      "frob_diff_L0": 0.2861977964444526,
      "rel_diff_L0": 0.12672216387941695
    },
    {
      "layer": 15,
      "det": 0.9081865400926658,
      "trace": 5.000000059604645,
      "frob_diff_L0": 0.3104586783725709,
      "rel_diff_L0": 0.13746435509733884
    },
    {
      "layer": 18,
      "det": 0.9000082825760329,
      "trace": 5.000000298023224,
      "frob_diff_L0": 0.31721359014182415,
      "rel_diff_L0": 0.14045528321365805
    },
    {
      "layer": 21,
      "det": 0.9252604948401484,
      "trace": 4.999999701976776,
      "frob_diff_L0": 0.23928342552502502,
      "rel_diff_L0": 0.10594950009999711
    },
    {
      "layer": 24,
      "det": 0.9381600786537987,
      "trace": 4.999999642372131,
      "frob_diff_L0": 0.23155661120082302,
      "rel_diff_L0": 0.10252823465623122
    },
    {
      "layer": 26,
      "det": 0.9518641272553345,
      "trace": 5.000000178813934,
      "frob_diff_L0": 0.2392490581795046,
      "rel_diff_L0": 0.10593428298636016
    },
    {
      "layer": 27,
      "det": 0.16003037541305565,
      "trace": 5.000000178813934,
      "frob_diff_L0": 2.1192824452164607,
      "rel_diff_L0": 0.9383722050481125
    }
  ],
  "gram_L0": [
    [
      0.9999999403953552,
      -0.02106938511133194,
      0.04993283003568649,
      0.06576710194349289,
      0.10011561959981918
    ],
    [
      -0.02106938511133194,
      0.9999999403953552,
      0.08385132253170013,
      0.06730917096138,
      0.005922425538301468
    ],
    [
      0.04993283003568649,
      0.08385132253170013,
      1.0,
      -0.14119970798492432,
      0.02083572745323181
    ],
    [
      0.06576710194349289,
      0.06730917096138,
      -0.14119970798492432,
      0.9999998807907104,
      0.03290189802646637
    ],
    [
      0.10011561959981918,
      0.005922425538301468,
      0.02083572745323181,
      0.03290189802646637,
      1.0
    ]
  ],
  "adj_gram_diffs": [
    {
      "from": 0,
      "to": 3,
      "frob_diff": 0.14385708384372964,
      "rel_diff": 0.0636967900540713
    },
    {
      "from": 3,
      "to": 6,
      "frob_diff": 0.10253467631350954,
      "rel_diff": 0.04550041871891867
    },
    {
      "from": 6,
      "to": 7,
      "frob_diff": 0.05869310655934005,
      "rel_diff": 0.025975195110884055
    },
    {
      "from": 7,
      "to": 9,
      "frob_diff": 0.1004621944111678,
      "rel_diff": 0.04438005496915928
    },
    {
      "from": 9,
      "to": 12,
      "frob_diff": 0.06702841870336816,
      "rel_diff": 0.0295183165440708
    },
    {
      "from": 12,
      "to": 14,
      "frob_diff": 0.06171402985932566,
      "rel_diff": 0.02715606301065569
    },
    {
      "from": 14,
      "to": 15,
      "frob_diff": 0.048766371679744396,
      "rel_diff": 0.021489871443319986
    },
    {
      "from": 15,
      "to": 18,
      "frob_diff": 0.05935258507871871,
      "rel_diff": 0.026085791320427494
    },
    {
      "from": 18,
      "to": 21,
      "frob_diff": 0.1083940824737238,
      "rel_diff": 0.04756073234291319
    },
    {
      "from": 21,
      "to": 24,
      "frob_diff": 0.11714416321772352,
      "rel_diff": 0.05165448772901353
    },
    {
      "from": 24,
      "to": 26,
      "frob_diff": 0.07740642883830019,
      "rel_diff": 0.03422579591175683
    },
    {
      "from": 26,
      "to": 27,
      "frob_diff": 2.0341795042309854,
      "rel_diff": 0.9015708304661655
    }
  ],
  "all_gram_matrices": {
    "0": [
      [
        0.9999999403953552,
        -0.02106938511133194,
        0.04993283003568649,
        0.06576710194349289,
        0.10011561959981918
      ],
      [
        -0.02106938511133194,
        0.9999999403953552,
        0.08385132253170013,
        0.06730917096138,
        0.005922425538301468
      ],
      [
        0.04993283003568649,
        0.08385132253170013,
        1.0,
        -0.14119970798492432,
        0.02083572745323181
      ],
      [
        0.06576710194349289,
        0.06730917096138,
        -0.14119970798492432,
        0.9999998807907104,
        0.03290189802646637
      ],
      [
        0.10011561959981918,
        0.005922425538301468,
        0.02083572745323181,
        0.03290189802646637,
        1.0
      ]
    ],
    "3": [
      [
        1.000000238418579,
        -0.031843945384025574,
        0.051299143582582474,
        0.11617710441350937,
        0.06084897741675377
      ],
      [
        -0.031843945384025574,
        0.9999998807907104,
        0.026401575654745102,
        0.052170075476169586,
        0.004236974287778139
      ],
      [
        0.051299143582582474,
        0.026401575654745102,
        0.9999999403953552,
        -0.10429947823286057,
        0.05595291405916214
      ],
      [
        0.11617710441350937,
        0.052170075476169586,
        -0.10429947823286057,
        1.000000238418579,
        0.028533298522233963
      ],
      [
        0.06084897741675377,
        0.004236974287778139,
        0.05595291405916214,
        0.028533298522233963,
        0.9999998807907104
      ]
    ],
    "6": [
      [
        1.0,
        -0.006003066897392273,
        0.052316393703222275,
        0.17463280260562897,
        0.06464254856109619
      ],
      [
        -0.006003066897392273,
        1.0,
        0.03598968684673309,
        0.06704960763454437,
        -0.0020360276103019714
      ],
      [
        0.052316393703222275,
        0.03598968684673309,
        0.9999999403953552,
        -0.07903598248958588,
        0.05587421730160713
      ],
      [
        0.17463280260562897,
        0.06704960763454437,
        -0.07903598248958588,
        1.0,
        0.015668580308556557
      ],
      [
        0.06464254856109619,
        -0.0020360276103019714,
        0.05587421730160713,
        0.015668580308556557,
        1.0
      ]
    ],
    "7": [
      [
        1.0000001192092896,
        0.0008790665306150913,
        0.06204733997583389,
        0.19203758239746094,
        0.03847993165254593
      ],
      [
        0.0008790665306150913,
        0.9999998211860657,
        0.04766835272312164,
        0.07005797326564789,
        0.007103972136974335
      ],
      [
        0.06204733997583389,
        0.04766835272312164,
        1.000000238418579,
        -0.0852164626121521,
        0.07295184582471848
      ],
      [
        0.19203758239746094,
        0.07005797326564789,
        -0.0852164626121521,
        0.9999999403953552,
        0.009824643842875957
      ],
      [
        0.03847993165254593,
        0.007103972136974335,
        0.07295184582471848,
        0.009824643842875957,
        1.0
      ]
    ],
    "9": [
      [
        1.0,
        0.018101096153259277,
        0.041022829711437225,
        0.23676623404026031,
        0.016384869813919067
      ],
      [
        0.018101096153259277,
        0.9999998807907104,
        0.038488518446683884,
        0.10120297968387604,
        0.001996097154915333
      ],
      [
        0.041022829711437225,
        0.038488518446683884,
        0.9999999403953552,
        -0.05907495692372322,
        0.06634160131216049
      ],
      [
        0.23676623404026031,
        0.10120297968387604,
        -0.05907495692372322,
        0.9999998807907104,
        0.013202373869717121
      ],
      [
        0.016384869813919067,
        0.001996097154915333,
        0.06634160131216049,
        0.013202373869717121,
        1.0000001192092896
      ]
    ],
    "12": [
      [
        0.9999998807907104,
        0.01652452163398266,
        0.03980422019958496,
        0.248277947306633,
        0.0258310679346323
      ],
      [
        0.01652452163398266,
        1.0,
        0.05872185155749321,
        0.07527591288089752,
        -0.010717328637838364
      ],
      [
        0.03980422019958496,
        0.05872185155749321,
        0.9999998807907104,
        -0.07609859853982925,
        0.055344581604003906
      ],
      [
        0.248277947306633,
        0.07527591288089752,
        -0.07609859853982925,
        0.9999998807907104,
        -0.00594738032668829
      ],
      [
        0.0258310679346323,
        -0.010717328637838364,
        0.055344581604003906,
        -0.00594738032668829,
        0.9999999403953552
      ]
    ],
    "14": [
      [
        1.0,
        -0.013452641665935516,
        0.038233015686273575,
        0.23790335655212402,
        0.029581714421510696
      ],
      [
        -0.013452641665935516,
        0.9999998807907104,
        0.0573306530714035,
        0.06724223494529724,
        -0.020613765344023705
      ],
      [
        0.038233015686273575,
        0.0573306530714035,
        1.0,
        -0.08097673952579498,
        0.029862873256206512
      ],
      [
        0.23790335655212402,
        0.06724223494529724,
        -0.08097673952579498,
        0.9999998807907104,
        0.000684637576341629
      ],
      [
        0.029581714421510696,
        -0.020613765344023705,
        0.029862873256206512,
        0.000684637576341629,
        1.000000238418579
      ]
    ],
    "15": [
      [
        0.9999998807907104,
        -0.020265132188796997,
        0.04953154921531677,
        0.2607353925704956,
        0.04662613570690155
      ],
      [
        -0.020265132188796997,
        1.000000238418579,
        0.05384167283773422,
        0.0685187429189682,
        -0.023084590211510658
      ],
      [
        0.04953154921531677,
        0.05384167283773422,
        0.9999999403953552,
        -0.08126308768987656,
        0.023979438468813896
      ],
      [
        0.2607353925704956,
        0.0685187429189682,
        -0.08126308768987656,
        1.0,
        -0.011505285277962685
      ],
      [
        0.04662613570690155,
        -0.023084590211510658,
        0.023979438468813896,
        -0.011505285277962685,
        1.0
      ]
    ],
    "18": [
      [
        0.9999999403953552,
        -0.020296141505241394,
        0.042082082480192184,
        0.2724580466747284,
        0.05243595317006111
      ],
      [
        -0.020296141505241394,
        1.0000003576278687,
        0.06701462715864182,
        0.04599614068865776,
        -0.007137257605791092
      ],
      [
        0.042082082480192184,
        0.06701462715864182,
        1.0000001192092896,
        -0.09635244309902191,
        0.04320067912340164
      ],
      [
        0.2724580466747284,
        0.04599614068865776,
        -0.09635244309902191,
        0.9999998807907104,
        -0.009943853132426739
      ],
      [
        0.05243595317006111,
        -0.007137257605791092,
        0.04320067912340164,
        -0.009943853132426739,
        1.0
      ]
    ],
    "21": [
      [
        0.9999999403953552,
        -0.02815205603837967,
        0.06682486832141876,
        0.20850342512130737,
        0.052114009857177734
      ],
      [
        -0.02815205603837967,
        0.9999998807907104,
        0.055560752749443054,
        0.036197785288095474,
        -0.010525748133659363
      ],
      [
        0.06682486832141876,
        0.055560752749443054,
        1.0,
        -0.1071716919541359,
        0.06354153901338577
      ],
      [
        0.20850342512130737,
        0.036197785288095474,
        -0.1071716919541359,
        0.9999998807907104,
        0.008520513772964478
      ],
      [
        0.052114009857177734,
        -0.010525748133659363,
        0.06354153901338577,
        0.008520513772964478,
        1.0
      ]
    ],
    "24": [
      [
        1.0,
        -0.003124285489320755,
        0.10045388340950012,
        0.16924908757209778,
        0.010270129889249802
      ],
      [
        -0.003124285489320755,
        0.9999998807907104,
        0.04607328027486801,
        0.029232973232865334,
        0.0006258930079638958
      ],
      [
        0.10045388340950012,
        0.04607328027486801,
        0.9999998807907104,
        -0.12099845707416534,
        0.031002329662442207
      ],
      [
        0.16924908757209778,
        0.029232973232865334,
        -0.12099845707416534,
        1.0,
        -0.008782804012298584
      ],
      [
        0.010270129889249802,
        0.0006258930079638958,
        0.031002329662442207,
        -0.008782804012298584,
        0.9999998807907104
      ]
    ],
    "26": [
      [
        0.9999999403953552,
        0.01507391408085823,
        0.11283396184444427,
        0.13985884189605713,
        0.01326068677008152
      ],
      [
        0.01507391408085823,
        1.000000238418579,
        0.01670093648135662,
        0.023827260360121727,
        0.00032517174258828163
      ],
      [
        0.11283396184444427,
        0.01670093648135662,
        1.0,
        -0.09841075539588928,
        0.04589712619781494
      ],
      [
        0.13985884189605713,
        0.023827260360121727,
        -0.09841075539588928,
        1.0,
        -0.00496169738471508
      ],
      [
        0.01326068677008152,
        0.00032517174258828163,
        0.04589712619781494,
        -0.00496169738471508,
        1.0
      ]
    ],
    "27": [
      [
        1.000000238418579,
        0.7420264482498169,
        -0.6315418481826782,
        0.10887642204761505,
        -0.38213542103767395
      ],
      [
        0.7420264482498169,
        1.0000001192092896,
        -0.7099622488021851,
        -0.05574064329266548,
        -0.41255876421928406
      ],
      [
        -0.6315418481826782,
        -0.7099622488021851,
        0.9999998211860657,
        -0.006651914678514004,
        0.3691220283508301
      ],
      [
        0.10887642204761505,
        -0.05574064329266548,
        -0.006651914678514004,
        1.0,
        0.10158500075340271
      ],
      [
        -0.38213542103767395,
        -0.41255876421928406,
        0.3691220283508301,
        0.10158500075340271,
        1.0
      ]
    ]
  }
}