=== Phase CCLIV: Multi-Feature Causal Geometry ===
Model: DeepSeek-R1-Distill-Qwen-7B
Features: tense(lexical), question(syntactic), negation(syntactic), number(morphological), voice(syntactic)
Start: 2026-04-25 11:34:23
Model loaded successfully

=== Layer 3 ===
       tense: CR=0.213, PR=15.6, align=0.468, dim90=16
    question: CR=0.401, PR=15.9, align=0.638, dim90=16
    negation: CR=0.420, PR=14.9, align=0.654, dim90=15
      number: CR=0.150, PR=14.3, align=0.388, dim90=15
       voice: CR=0.286, PR=12.1, align=0.527, dim90=15
  Cross-feature cos matrix:
                tense  question  negation    number     voice
       tense     1.000     0.030     0.087     0.136     0.006
    question     0.030     1.000     0.124    -0.017     0.115
    negation     0.087     0.124     1.000     0.038     0.070
      number     0.136    -0.017     0.038     1.000    -0.069
       voice     0.006     0.115     0.070    -0.069     1.000
  Efficacy summary:
         tense: eff=0.599, E/R=1.09
      question: eff=0.472, E/R=1.07
      negation: eff=0.643, E/R=1.14
        number: eff=0.547, E/R=0.94
         voice: eff=0.564, E/R=1.08

=== Layer 7 ===
       tense: CR=0.228, PR=13.1, align=0.493, dim90=15
    question: CR=0.402, PR=16.6, align=0.637, dim90=16
    negation: CR=0.328, PR=15.5, align=0.575, dim90=16
      number: CR=0.158, PR=13.9, align=0.397, dim90=15
       voice: CR=0.265, PR=12.8, align=0.505, dim90=15
  Cross-feature cos matrix:
                tense  question  negation    number     voice
       tense     1.000     0.055     0.102     0.103    -0.014
    question     0.055     1.000     0.108     0.111     0.113
    negation     0.102     0.108     1.000     0.043     0.040
      number     0.103     0.111     0.043     1.000    -0.035
       voice    -0.014     0.113     0.040    -0.035     1.000
  Efficacy summary:
         tense: eff=0.574, E/R=0.95
      question: eff=0.485, E/R=1.01
      negation: eff=0.496, E/R=0.88
        number: eff=0.587, E/R=1.02
         voice: eff=0.480, E/R=1.00

=== Layer 14 ===
       tense: CR=0.193, PR=13.8, align=0.450, dim90=16
    question: CR=0.413, PR=16.6, align=0.646, dim90=16
    negation: CR=0.261, PR=15.9, align=0.515, dim90=16
      number: CR=0.134, PR=14.9, align=0.365, dim90=15
       voice: CR=0.274, PR=12.8, align=0.516, dim90=15
  Cross-feature cos matrix:
                tense  question  negation    number     voice
       tense     1.000     0.078     0.064     0.083    -0.043
    question     0.078     1.000     0.182     0.103     0.158
    negation     0.064     0.182     1.000     0.101     0.141
      number     0.083     0.103     0.101     1.000    -0.018
       voice    -0.043     0.158     0.141    -0.018     1.000
  Efficacy summary:
         tense: eff=0.576, E/R=0.99
      question: eff=0.515, E/R=1.08
      negation: eff=0.470, E/R=0.97
        number: eff=0.669, E/R=1.10
         voice: eff=0.548, E/R=1.03

=== Layer 21 ===
       tense: CR=0.198, PR=13.2, align=0.452, dim90=16
    question: CR=0.434, PR=16.0, align=0.660, dim90=16
    negation: CR=0.275, PR=15.5, align=0.533, dim90=16
      number: CR=0.162, PR=15.4, align=0.404, dim90=15
       voice: CR=0.289, PR=12.8, align=0.531, dim90=15
  Cross-feature cos matrix:
                tense  question  negation    number     voice
       tense     1.000     0.087     0.056     0.021    -0.054
    question     0.087     1.000     0.119     0.074     0.118
    negation     0.056     0.119     1.000     0.126     0.142
      number     0.021     0.074     0.126     1.000     0.001
       voice    -0.054     0.118     0.142     0.001     1.000
  Efficacy summary:
         tense: eff=0.678, E/R=1.24
      question: eff=0.520, E/R=1.17
      negation: eff=0.696, E/R=1.33
        number: eff=0.615, E/R=1.18
         voice: eff=0.566, E/R=1.07

=== Layer 26 ===
       tense: CR=0.137, PR=15.2, align=0.373, dim90=16
    question: CR=0.411, PR=15.9, align=0.645, dim90=16
    negation: CR=0.205, PR=16.2, align=0.458, dim90=16
      number: CR=0.123, PR=14.5, align=0.349, dim90=15
       voice: CR=0.232, PR=13.4, align=0.477, dim90=16
  Cross-feature cos matrix:
                tense  question  negation    number     voice
       tense     1.000     0.047     0.070     0.018     0.003
    question     0.047     1.000     0.072     0.095     0.083
    negation     0.070     0.072     1.000     0.151     0.156
      number     0.018     0.095     0.151     1.000    -0.010
       voice     0.003     0.083     0.156    -0.010     1.000
  Efficacy summary:
         tense: eff=0.578, E/R=0.99
      question: eff=0.524, E/R=1.21
      negation: eff=0.482, E/R=0.93
        number: eff=0.664, E/R=1.30
         voice: eff=0.471, E/R=1.01

======================================================================
ANALYSIS
======================================================================

  CR across depth:
     L       tense    question    negation      number       voice
     3       0.213       0.401       0.420       0.150       0.286
     7       0.228       0.402       0.328       0.158       0.265
    14       0.193       0.413       0.261       0.134       0.274
    21       0.198       0.434       0.275       0.162       0.289
    26       0.137       0.411       0.205       0.123       0.232

  Depth correlations:
       Feature           Type  Corr_CR  Corr_PR  Corr_ER  Corr_Al
         tense        lexical   -0.800   -0.100   +0.200   -0.800
      question      syntactic   +0.700   -0.400   +0.900   +0.600
      negation      syntactic   -0.900   +0.700   +0.000   -0.900
        number  morphological   -0.300   +0.600   +1.000   -0.300
         voice      syntactic   -0.300   +0.700   -0.300   -0.300

  Group analysis (syntactic vs lexical/morphological):
  Syntactic features: ['question', 'negation', 'voice']
    Mean Corr(CR): -0.167
    Mean Corr(PR): +0.333
    Mean Corr(E/R): +0.200
  Lexical/Morphological features: ['tense', 'number']
    Mean Corr(CR): -0.550
    Mean Corr(PR): +0.250
    Mean Corr(E/R): +0.600

  PREDICTIONS:
    NOT SUPPORTED: Syntactic CR increases with depth (mean Corr=-0.167)
    SUPPORTED: Lexical/Morph CR does NOT increase with depth (mean Corr=-0.550)
    SUPPORTED: All features E/R increases with depth (mean Corr=+0.360)
    NOT SUPPORTED: Syntactic PR decreases with depth (mean Corr=+0.333)

  INTERPRETATION:
  => Syntax-Lexical Dual-Track model PARTIALLY supported

  Efficacy Ratio across depth:
     L       tense    question    negation      number       voice
     3        1.09        1.07        1.14        0.94        1.08
     7        0.95        1.01        0.88        1.02        1.00
    14        0.99        1.08        0.97        1.10        1.03
    21        1.24        1.17        1.33        1.18        1.07
    26        0.99        1.21        0.93        1.30        1.01

End: 2026-04-25 11:40:20
Results saved to results/causal_fiber/deepseek7b_ccliv/results.json
