{
  "model": "deepseek7b",
  "model_info": {
    "class": "Qwen2ForCausalLM",
    "n_layers": 28,
    "d_model": 3584,
    "d_mlp": 18944,
    "vocab_size": 152064,
    "mlp_type": "split_gate_up"
  },
  "timestamp": "2026-04-15 21:32:09",
  "P688": {
    "L0": {
      "layer": 0,
      "word_G_norms": {
        "apple": 3.2855477333068848,
        "banana": 3.2855477333068848,
        "orange": 3.2855477333068848,
        "cat": 3.2855477333068848,
        "dog": 3.2855477333068848,
        "car": 3.2855477333068848,
        "run": 3.2855477333068848,
        "red": 3.2855477333068848,
        "the": 3.2855477333068848
      },
      "word_logit_G_norms": {
        "apple": 64.35919952392578,
        "banana": 64.35919952392578,
        "orange": 64.35919952392578,
        "cat": 64.35919952392578,
        "dog": 64.35919952392578,
        "car": 64.35919952392578,
        "run": 64.35919952392578,
        "red": 64.35919952392578,
        "the": 64.35919952392578
      },
      "logit_G_cosine_matrix": {
        "words": [
          "apple",
          "banana",
          "orange",
          "cat",
          "dog",
          "car",
          "run",
          "red",
          "the"
        ],
        "matrix": [
          [
            0.9999998807907104,
            0.9999998807907104,
            0.9999998807907104,
            0.9999998807907104,
            0.9999998807907104,
            0.9999998807907104,
            0.9999998807907104,
            0.9999998807907104,
            0.9999998807907104
          ],
          [
            0.9999998807907104,
            0.9999998807907104,
            0.9999998807907104,
            0.9999998807907104,
            0.9999998807907104,
            0.9999998807907104,
            0.9999998807907104,
            0.9999998807907104,
            0.9999998807907104
          ],
          [
            0.9999998807907104,
            0.9999998807907104,
            0.9999998807907104,
            0.9999998807907104,
            0.9999998807907104,
            0.9999998807907104,
            0.9999998807907104,
            0.9999998807907104,
            0.9999998807907104
          ],
          [
            0.9999998807907104,
            0.9999998807907104,
            0.9999998807907104,
            0.9999998807907104,
            0.9999998807907104,
            0.9999998807907104,
            0.9999998807907104,
            0.9999998807907104,
            0.9999998807907104
          ],
          [
            0.9999998807907104,
            0.9999998807907104,
            0.9999998807907104,
            0.9999998807907104,
            0.9999998807907104,
            0.9999998807907104,
            0.9999998807907104,
            0.9999998807907104,
            0.9999998807907104
          ],
          [
            0.9999998807907104,
            0.9999998807907104,
            0.9999998807907104,
            0.9999998807907104,
            0.9999998807907104,
            0.9999998807907104,
            0.9999998807907104,
            0.9999998807907104,
            0.9999998807907104
          ],
          [
            0.9999998807907104,
            0.9999998807907104,
            0.9999998807907104,
            0.9999998807907104,
            0.9999998807907104,
            0.9999998807907104,
            0.9999998807907104,
            0.9999998807907104,
            0.9999998807907104
          ],
          [
            0.9999998807907104,
            0.9999998807907104,
            0.9999998807907104,
            0.9999998807907104,
            0.9999998807907104,
            0.9999998807907104,
            0.9999998807907104,
            0.9999998807907104,
            0.9999998807907104
          ],
          [
            0.9999998807907104,
            0.9999998807907104,
            0.9999998807907104,
            0.9999998807907104,
            0.9999998807907104,
            0.9999998807907104,
            0.9999998807907104,
            0.9999998807907104,
            0.9999998807907104
          ]
        ]
      },
      "logit_G_pca_dims": {
        "dim_95": 1,
        "dim_99": 1,
        "top1_var": 1.0
      },
      "semantic_grammar_efficiency": {
        "same_family_cos_mean": 0.9999998807907104,
        "cross_family_cos_mean": 0.9999998807907104,
        "cross_grammar_cos_mean": 0.9999998807907104,
        "function_word_cos_mean": 0.9999998807907104,
        "semantic_separation": 0.0
      },
      "G_svd_apple": {
        "top10_ratio": 0.6871979236602783,
        "top30_ratio": 0.8886799812316895,
        "G_svd_energy": 0.5377349257469177
      },
      "G_svd_banana": {
        "top10_ratio": 0.6871979236602783,
        "top30_ratio": 0.8886799812316895,
        "G_svd_energy": 0.5377349257469177
      },
      "G_svd_orange": {
        "top10_ratio": 0.6871979236602783,
        "top30_ratio": 0.8886799812316895,
        "G_svd_energy": 0.5377349257469177
      },
      "G_svd_cat": {
        "top10_ratio": 0.6871979236602783,
        "top30_ratio": 0.8886799812316895,
        "G_svd_energy": 0.5377349257469177
      },
      "G_svd_dog": {
        "top10_ratio": 0.6871979236602783,
        "top30_ratio": 0.8886799812316895,
        "G_svd_energy": 0.5377349257469177
      },
      "G_svd_car": {
        "top10_ratio": 0.6871979236602783,
        "top30_ratio": 0.8886799812316895,
        "G_svd_energy": 0.5377349257469177
      },
      "G_svd_run": {
        "top10_ratio": 0.6871979236602783,
        "top30_ratio": 0.8886799812316895,
        "G_svd_energy": 0.5377349257469177
      },
      "G_svd_red": {
        "top10_ratio": 0.6871979236602783,
        "top30_ratio": 0.8886799812316895,
        "G_svd_energy": 0.5377349257469177
      },
      "G_svd_the": {
        "top10_ratio": 0.6871979236602783,
        "top30_ratio": 0.8886799812316895,
        "G_svd_energy": 0.5377349257469177
      }
    },
    "L1": {
      "layer": 1,
      "word_G_norms": {
        "apple": 181.06756591796875,
        "banana": 187.825439453125,
        "orange": 168.863525390625,
        "cat": 164.26817321777344,
        "dog": 163.34304809570312,
        "car": 174.21023559570312,
        "run": 180.3057861328125,
        "red": 156.24693298339844,
        "the": 139.19248962402344
      },
      "word_logit_G_norms": {
        "apple": 11318.1357421875,
        "banana": 11675.4130859375,
        "orange": 10475.6015625,
        "cat": 10098.0078125,
        "dog": 10158.318359375,
        "car": 10907.353515625,
        "run": 11301.9951171875,
        "red": 9738.9189453125,
        "the": 8566.8193359375
      },
      "logit_G_cosine_matrix": {
        "words": [
          "apple",
          "banana",
          "orange",
          "cat",
          "dog",
          "car",
          "run",
          "red",
          "the"
        ],
        "matrix": [
          [
            0.9999988675117493,
            0.9999913573265076,
            0.9999755620956421,
            0.9999604225158691,
            0.9999803900718689,
            0.9999921321868896,
            0.9999915361404419,
            0.9999538064002991,
            0.999862015247345
          ],
          [
            0.9999913573265076,
            1.0000014305114746,
            0.999971330165863,
            0.9999572038650513,
            0.9999756813049316,
            0.9999858736991882,
            0.9999855756759644,
            0.9999486207962036,
            0.999854564666748
          ],
          [
            0.9999755620956421,
            0.999971330165863,
            1.000000238418579,
            0.9999685883522034,
            0.999974250793457,
            0.9999727606773376,
            0.9999725818634033,
            0.9999605417251587,
            0.9998691082000732
          ],
          [
            0.9999604225158691,
            0.9999572038650513,
            0.9999685883522034,
            0.9999998211860657,
            0.9999785423278809,
            0.9999669790267944,
            0.9999644160270691,
            0.9999738931655884,
            0.999838650226593
          ],
          [
            0.9999803900718689,
            0.9999756813049316,
            0.999974250793457,
            0.9999785423278809,
            0.9999980926513672,
            0.9999848008155823,
            0.9999822974205017,
            0.9999743700027466,
            0.9998405575752258
          ],
          [
            0.9999921321868896,
            0.9999858736991882,
            0.9999727606773376,
            0.9999669790267944,
            0.9999848008155823,
            1.0000003576278687,
            0.9999945163726807,
            0.9999697208404541,
            0.9998778104782104
          ],
          [
            0.9999915361404419,
            0.9999855756759644,
            0.9999725818634033,
            0.9999644160270691,
            0.9999822974205017,
            0.9999945163726807,
            1.0000007152557373,
            0.9999635815620422,
            0.9998767375946045
          ],
          [
            0.9999538064002991,
            0.9999486207962036,
            0.9999605417251587,
            0.9999738931655884,
            0.9999743700027466,
            0.9999697208404541,
            0.9999635815620422,
            1.0000009536743164,
            0.9998295307159424
          ],
          [
            0.999862015247345,
            0.999854564666748,
            0.9998691082000732,
            0.999838650226593,
            0.9998405575752258,
            0.9998778104782104,
            0.9998767375946045,
            0.9998295307159424,
            1.0000003576278687
          ]
        ]
      },
      "logit_G_pca_dims": {
        "dim_95": 6,
        "dim_99": 7,
        "top1_var": 0.5801316499710083
      },
      "semantic_grammar_efficiency": {
        "same_family_cos_mean": 0.9999913573265076,
        "cross_family_cos_mean": 0.9999762773513794,
        "cross_grammar_cos_mean": 0.9999726712703705,
        "function_word_cos_mean": 0.999862015247345,
        "semantic_separation": -1.5079975128173828e-05
      },
      "G_svd_apple": {
        "top10_ratio": 0.9443622827529907,
        "top30_ratio": 0.9815381169319153,
        "G_svd_energy": 13639.9013671875
      },
      "G_svd_banana": {
        "top10_ratio": 0.9435328245162964,
        "top30_ratio": 0.9808768630027771,
        "G_svd_energy": 14446.2783203125
      },
      "G_svd_orange": {
        "top10_ratio": 0.9437189698219299,
        "top30_ratio": 0.9818653464317322,
        "G_svd_energy": 11709.9326171875
      },
      "G_svd_cat": {
        "top10_ratio": 0.9430317282676697,
        "top30_ratio": 0.9819081425666809,
        "G_svd_energy": 10941.29296875
      },
      "G_svd_dog": {
        "top10_ratio": 0.9438484311103821,
        "top30_ratio": 0.9818551540374756,
        "G_svd_energy": 11017.677734375
      },
      "G_svd_car": {
        "top10_ratio": 0.9445265531539917,
        "top30_ratio": 0.9819321036338806,
        "G_svd_energy": 12614.2158203125
      },
      "G_svd_run": {
        "top10_ratio": 0.9447383284568787,
        "top30_ratio": 0.9819560050964355,
        "G_svd_energy": 13563.5771484375
      },
      "G_svd_red": {
        "top10_ratio": 0.9454782605171204,
        "top30_ratio": 0.9829233288764954,
        "G_svd_energy": 10089.935546875
      },
      "G_svd_the": {
        "top10_ratio": 0.9421582818031311,
        "top30_ratio": 0.9800289869308472,
        "G_svd_energy": 7794.52294921875
      }
    },
    "L2": {
      "layer": 2,
      "word_G_norms": {
        "apple": 49.12179946899414,
        "banana": 51.31719207763672,
        "orange": 48.48667907714844,
        "cat": 53.01084518432617,
        "dog": 51.098628997802734,
        "car": 49.064170837402344,
        "run": 48.77156448364258,
        "red": 50.07880783081055,
        "the": 51.04946517944336
      },
      "word_logit_G_norms": {
        "apple": 383.1864013671875,
        "banana": 432.7688903808594,
        "orange": 444.8352355957031,
        "cat": 705.171630859375,
        "dog": 750.7867431640625,
        "car": 660.2279663085938,
        "run": 461.03192138671875,
        "red": 559.46728515625,
        "the": 529.6111450195312
      },
      "logit_G_cosine_matrix": {
        "words": [
          "apple",
          "banana",
          "orange",
          "cat",
          "dog",
          "car",
          "run",
          "red",
          "the"
        ],
        "matrix": [
          [
            0.9999998211860657,
            0.9894108176231384,
            0.9776977896690369,
            0.8751448392868042,
            0.8784434795379639,
            0.8902184963226318,
            0.9691295623779297,
            0.9339976906776428,
            0.8655986785888672
          ],
          [
            0.9894108176231384,
            1.0,
            0.9883663654327393,
            0.9105038642883301,
            0.9161759614944458,
            0.9248481392860413,
            0.9799422025680542,
            0.9562051296234131,
            0.8896235227584839
          ],
          [
            0.9776977896690369,
            0.9883663654327393,
            0.9999997019767761,
            0.9373527765274048,
            0.9424076080322266,
            0.9493145942687988,
            0.9883740544319153,
            0.9788727164268494,
            0.9067728519439697
          ],
          [
            0.8751448392868042,
            0.9105038642883301,
            0.9373527765274048,
            1.0000001192092896,
            0.9883240461349487,
            0.9918289184570312,
            0.9538259506225586,
            0.976594090461731,
            0.9406477212905884
          ],
          [
            0.8784434795379639,
            0.9161759614944458,
            0.9424076080322266,
            0.9883240461349487,
            1.000000238418579,
            0.9939479827880859,
            0.9559071063995361,
            0.9809786081314087,
            0.9389535188674927
          ],
          [
            0.8902184963226318,
            0.9248481392860413,
            0.9493145942687988,
            0.9918289184570312,
            0.9939479827880859,
            0.9999998211860657,
            0.9633044004440308,
            0.9833502173423767,
            0.9436712265014648
          ],
          [
            0.9691295623779297,
            0.9799422025680542,
            0.9883740544319153,
            0.9538259506225586,
            0.9559071063995361,
            0.9633044004440308,
            1.0,
            0.9854965806007385,
            0.9304254055023193
          ],
          [
            0.9339976906776428,
            0.9562051296234131,
            0.9788727164268494,
            0.976594090461731,
            0.9809786081314087,
            0.9833502173423767,
            0.9854965806007385,
            0.9999998211860657,
            0.9394180178642273
          ],
          [
            0.8655986785888672,
            0.8896235227584839,
            0.9067728519439697,
            0.9406477212905884,
            0.9389535188674927,
            0.9436712265014648,
            0.9304254055023193,
            0.9394180178642273,
            0.9999995231628418
          ]
        ]
      },
      "logit_G_pca_dims": {
        "dim_95": 5,
        "dim_99": 7,
        "top1_var": 0.6611338257789612
      },
      "semantic_grammar_efficiency": {
        "same_family_cos_mean": 0.9894108176231384,
        "cross_family_cos_mean": 0.882681667804718,
        "cross_grammar_cos_mean": 0.9515636265277863,
        "function_word_cos_mean": 0.8655986785888672,
        "semantic_separation": -0.10672914981842041
      },
      "G_svd_apple": {
        "top10_ratio": 0.527805745601654,
        "top30_ratio": 0.8709781765937805,
        "G_svd_energy": 97.9540023803711
      },
      "G_svd_banana": {
        "top10_ratio": 0.5308173298835754,
        "top30_ratio": 0.8543992638587952,
        "G_svd_energy": 109.94096374511719
      },
      "G_svd_orange": {
        "top10_ratio": 0.5544223189353943,
        "top30_ratio": 0.8710679411888123,
        "G_svd_energy": 98.4266128540039
      },
      "G_svd_cat": {
        "top10_ratio": 0.6289751529693604,
        "top30_ratio": 0.8848291635513306,
        "G_svd_energy": 140.9849090576172
      },
      "G_svd_dog": {
        "top10_ratio": 0.6597673892974854,
        "top30_ratio": 0.8940043449401855,
        "G_svd_energy": 152.79283142089844
      },
      "G_svd_car": {
        "top10_ratio": 0.6448183655738831,
        "top30_ratio": 0.8922324180603027,
        "G_svd_energy": 128.17169189453125
      },
      "G_svd_run": {
        "top10_ratio": 0.5492491126060486,
        "top30_ratio": 0.8675576448440552,
        "G_svd_energy": 98.34922790527344
      },
      "G_svd_red": {
        "top10_ratio": 0.6040498614311218,
        "top30_ratio": 0.8920415639877319,
        "G_svd_energy": 114.43594360351562
      },
      "G_svd_the": {
        "top10_ratio": 0.5587753653526306,
        "top30_ratio": 0.836148202419281,
        "G_svd_energy": 120.80606842041016
      }
    },
    "L3": {
      "layer": 3,
      "word_G_norms": {
        "apple": 2524.7373046875,
        "banana": 2600.946044921875,
        "orange": 2339.27099609375,
        "cat": 2218.885009765625,
        "dog": 2236.68994140625,
        "car": 2163.762939453125,
        "run": 2508.203857421875,
        "red": 2384.1767578125,
        "the": 1784.8359375
      },
      "word_logit_G_norms": {
        "apple": 185216.453125,
        "banana": 190842.734375,
        "orange": 171653.828125,
        "cat": 162604.53125,
        "dog": 164059.25,
        "car": 158639.21875,
        "run": 184001.1875,
        "red": 174837.484375,
        "the": 131023.71875
      },
      "logit_G_cosine_matrix": {
        "words": [
          "apple",
          "banana",
          "orange",
          "cat",
          "dog",
          "car",
          "run",
          "red",
          "the"
        ],
        "matrix": [
          [
            0.9999986290931702,
            1.000001072883606,
            1.000000238418579,
            0.9999991655349731,
            0.9999997615814209,
            1.000001072883606,
            1.0000019073486328,
            0.9999991655349731,
            0.9999978542327881
          ],
          [
            1.000001072883606,
            0.9999998211860657,
            0.9999987483024597,
            0.9999982714653015,
            0.9999983906745911,
            1.0,
            1.0000004768371582,
            1.0000016689300537,
            0.9999977350234985
          ],
          [
            1.000000238418579,
            0.9999987483024597,
            1.0000020265579224,
            0.9999966621398926,
            1.0000014305114746,
            0.9999988079071045,
            0.9999996423721313,
            1.0000011920928955,
            0.9999972581863403
          ],
          [
            0.9999991655349731,
            0.9999982714653015,
            0.9999966621398926,
            0.9999975562095642,
            0.9999967813491821,
            0.9999990463256836,
            0.9999994039535522,
            1.000000238418579,
            0.999996542930603
          ],
          [
            0.9999997615814209,
            0.9999983906745911,
            1.0000014305114746,
            0.9999967813491821,
            1.0000016689300537,
            0.9999989867210388,
            0.9999991655349731,
            1.0000008344650269,
            0.9999973773956299
          ],
          [
            1.000001072883606,
            1.0,
            0.9999988079071045,
            0.9999990463256836,
            0.9999989867210388,
            1.0000009536743164,
            1.0000009536743164,
            1.0000017881393433,
            0.9999985694885254
          ],
          [
            1.0000019073486328,
            1.0000004768371582,
            0.9999996423721313,
            0.9999994039535522,
            0.9999991655349731,
            1.0000009536743164,
            1.0000022649765015,
            1.0000028610229492,
            0.9999988079071045
          ],
          [
            0.9999991655349731,
            1.0000016689300537,
            1.0000011920928955,
            1.000000238418579,
            1.0000008344650269,
            1.0000017881393433,
            1.0000028610229492,
            1.0,
            0.9999983310699463
          ],
          [
            0.9999978542327881,
            0.9999977350234985,
            0.9999972581863403,
            0.999996542930603,
            0.9999973773956299,
            0.9999985694885254,
            0.9999988079071045,
            0.9999983310699463,
            1.0000017881393433
          ]
        ]
      },
      "logit_G_pca_dims": {
        "dim_95": 6,
        "dim_99": 8,
        "top1_var": 0.6465871334075928
      },
      "semantic_grammar_efficiency": {
        "same_family_cos_mean": 1.000001072883606,
        "cross_family_cos_mean": 1.0000001192092896,
        "cross_grammar_cos_mean": 1.000000536441803,
        "function_word_cos_mean": 0.9999978542327881,
        "semantic_separation": -9.5367431640625e-07
      },
      "G_svd_apple": {
        "top10_ratio": 0.9670028686523438,
        "top30_ratio": 0.9881366491317749,
        "G_svd_energy": 3393199.25
      },
      "G_svd_banana": {
        "top10_ratio": 0.9669933319091797,
        "top30_ratio": 0.9880861043930054,
        "G_svd_energy": 3602514.5
      },
      "G_svd_orange": {
        "top10_ratio": 0.9670162200927734,
        "top30_ratio": 0.9880654215812683,
        "G_svd_energy": 2913976.0
      },
      "G_svd_cat": {
        "top10_ratio": 0.9669907093048096,
        "top30_ratio": 0.9881265163421631,
        "G_svd_energy": 2614802.5
      },
      "G_svd_dog": {
        "top10_ratio": 0.9670105576515198,
        "top30_ratio": 0.988122820854187,
        "G_svd_energy": 2661366.25
      },
      "G_svd_car": {
        "top10_ratio": 0.9669723510742188,
        "top30_ratio": 0.9880408048629761,
        "G_svd_energy": 2490767.0
      },
      "G_svd_run": {
        "top10_ratio": 0.9670385718345642,
        "top30_ratio": 0.9881478548049927,
        "G_svd_energy": 3350872.5
      },
      "G_svd_red": {
        "top10_ratio": 0.9669896960258484,
        "top30_ratio": 0.9881078600883484,
        "G_svd_energy": 3023715.5
      },
      "G_svd_the": {
        "top10_ratio": 0.9668035507202148,
        "top30_ratio": 0.9876816868782043,
        "G_svd_energy": 1690761.875
      }
    },
    "L14": {
      "layer": 14,
      "word_G_norms": {
        "apple": 389.57672119140625,
        "banana": 2214.875244140625,
        "orange": 386.74517822265625,
        "cat": 1707.224853515625,
        "dog": 404.6932373046875,
        "car": 388.0252990722656,
        "run": 987.91162109375,
        "red": 2199.687255859375,
        "the": 505.1215515136719
      },
      "word_logit_G_norms": {
        "apple": 10099.607421875,
        "banana": 75815.9375,
        "orange": 10014.1064453125,
        "cat": 62449.69921875,
        "dog": 11428.0009765625,
        "car": 8546.802734375,
        "run": 35039.97265625,
        "red": 75057.421875,
        "the": 16608.744140625
      },
      "logit_G_cosine_matrix": {
        "words": [
          "apple",
          "banana",
          "orange",
          "cat",
          "dog",
          "car",
          "run",
          "red",
          "the"
        ],
        "matrix": [
          [
            1.000000238418579,
            0.9720597267150879,
            0.9942185878753662,
            0.973869800567627,
            0.9935186505317688,
            0.9885615706443787,
            0.9746866226196289,
            0.9716624617576599,
            0.9810189008712769
          ],
          [
            0.9720597267150879,
            1.0000001192092896,
            0.9701707363128662,
            0.9991440176963806,
            0.9742625951766968,
            0.9618498682975769,
            0.9980658292770386,
            0.999821126461029,
            0.9774656295776367
          ],
          [
            0.9942185878753662,
            0.9701707363128662,
            0.9999998807907104,
            0.9723844528198242,
            0.9924026727676392,
            0.987028181552887,
            0.9733062982559204,
            0.969884991645813,
            0.9809856414794922
          ],
          [
            0.973869800567627,
            0.9991440176963806,
            0.9723844528198242,
            1.000000238418579,
            0.9764844179153442,
            0.9644652605056763,
            0.999189019203186,
            0.9990803003311157,
            0.9799646139144897
          ],
          [
            0.9935186505317688,
            0.9742625951766968,
            0.9924026727676392,
            0.9764844179153442,
            1.0,
            0.9900693297386169,
            0.9770316481590271,
            0.9740211367607117,
            0.9854356050491333
          ],
          [
            0.9885615706443787,
            0.9618498682975769,
            0.987028181552887,
            0.9644652605056763,
            0.9900693297386169,
            1.000000238418579,
            0.9658856391906738,
            0.961617648601532,
            0.9790234565734863
          ],
          [
            0.9746866226196289,
            0.9980658292770386,
            0.9733062982559204,
            0.999189019203186,
            0.9770316481590271,
            0.9658856391906738,
            1.0,
            0.998085618019104,
            0.9803681373596191
          ],
          [
            0.9716624617576599,
            0.999821126461029,
            0.969884991645813,
            0.9990803003311157,
            0.9740211367607117,
            0.961617648601532,
            0.998085618019104,
            1.0,
            0.9774795174598694
          ],
          [
            0.9810189008712769,
            0.9774656295776367,
            0.9809856414794922,
            0.9799646139144897,
            0.9854356050491333,
            0.9790234565734863,
            0.9803681373596191,
            0.9774795174598694,
            1.0000001192092896
          ]
        ]
      },
      "logit_G_pca_dims": {
        "dim_95": 5,
        "dim_99": 6,
        "top1_var": 0.6787915229797363
      },
      "semantic_grammar_efficiency": {
        "same_family_cos_mean": 0.9720597267150879,
        "cross_family_cos_mean": 0.9812156856060028,
        "cross_grammar_cos_mean": 0.9731745421886444,
        "function_word_cos_mean": 0.9810189008712769,
        "semantic_separation": 0.009155958890914917
      },
      "G_svd_apple": {
        "top10_ratio": 0.8155921101570129,
        "top30_ratio": 0.9433246850967407,
        "G_svd_energy": 13830.298828125
      },
      "G_svd_banana": {
        "top10_ratio": 0.8560284972190857,
        "top30_ratio": 0.9437652230262756,
        "G_svd_energy": 675089.375
      },
      "G_svd_orange": {
        "top10_ratio": 0.8163093328475952,
        "top30_ratio": 0.9341228604316711,
        "G_svd_energy": 12230.3408203125
      },
      "G_svd_cat": {
        "top10_ratio": 0.8602855801582336,
        "top30_ratio": 0.9467751383781433,
        "G_svd_energy": 441182.84375
      },
      "G_svd_dog": {
        "top10_ratio": 0.8497896194458008,
        "top30_ratio": 0.9529153108596802,
        "G_svd_energy": 15568.9267578125
      },
      "G_svd_car": {
        "top10_ratio": 0.7276507616043091,
        "top30_ratio": 0.9104132652282715,
        "G_svd_energy": 9717.8515625
      },
      "G_svd_run": {
        "top10_ratio": 0.8595203161239624,
        "top30_ratio": 0.9459626078605652,
        "G_svd_energy": 135554.640625
      },
      "G_svd_red": {
        "top10_ratio": 0.8588486909866333,
        "top30_ratio": 0.944679856300354,
        "G_svd_energy": 653329.0
      },
      "G_svd_the": {
        "top10_ratio": 0.8737630248069763,
        "top30_ratio": 0.9542148113250732,
        "G_svd_energy": 28766.91796875
      }
    },
    "L26": {
      "layer": 26,
      "word_G_norms": {
        "apple": 2999.56884765625,
        "banana": 2830.03857421875,
        "orange": 2846.720947265625,
        "cat": 2299.544189453125,
        "dog": 2949.052001953125,
        "car": 3142.92529296875,
        "run": 2196.496337890625,
        "red": 2780.0146484375,
        "the": 2536.76220703125
      },
      "word_logit_G_norms": {
        "apple": 147675.859375,
        "banana": 36833.8828125,
        "orange": 130736.9140625,
        "cat": 68727.96875,
        "dog": 143316.921875,
        "car": 167516.171875,
        "run": 100211.7265625,
        "red": 30744.298828125,
        "the": 122266.84375
      },
      "logit_G_cosine_matrix": {
        "words": [
          "apple",
          "banana",
          "orange",
          "cat",
          "dog",
          "car",
          "run",
          "red",
          "the"
        ],
        "matrix": [
          [
            0.9999997615814209,
            0.8873883485794067,
            0.998883843421936,
            0.9844791293144226,
            0.9985982179641724,
            0.998267650604248,
            0.9959216117858887,
            0.8217921257019043,
            0.9961975812911987
          ],
          [
            0.8873883485794067,
            1.0,
            0.8854998350143433,
            0.937921941280365,
            0.8864123225212097,
            0.8852366209030151,
            0.8972119688987732,
            0.9719606637954712,
            0.8879374265670776
          ],
          [
            0.998883843421936,
            0.8854998350143433,
            1.000000238418579,
            0.9834394454956055,
            0.9984813928604126,
            0.9979430437088013,
            0.9956240057945251,
            0.8195499181747437,
            0.995846152305603
          ],
          [
            0.9844791293144226,
            0.937921941280365,
            0.9834394454956055,
            0.9999992847442627,
            0.9843038320541382,
            0.9842539429664612,
            0.9889668226242065,
            0.8878746032714844,
            0.9838369488716125
          ],
          [
            0.9985982179641724,
            0.8864123225212097,
            0.9984813928604126,
            0.9843038320541382,
            0.9999991655349731,
            0.9985380172729492,
            0.9959454536437988,
            0.8209778070449829,
            0.9963520765304565
          ],
          [
            0.998267650604248,
            0.8852366209030151,
            0.9979430437088013,
            0.9842539429664612,
            0.9985380172729492,
            1.0000001192092896,
            0.9962084293365479,
            0.819033145904541,
            0.9967073202133179
          ],
          [
            0.9959216117858887,
            0.8972119688987732,
            0.9956240057945251,
            0.9889668226242065,
            0.9959454536437988,
            0.9962084293365479,
            1.0,
            0.834452748298645,
            0.9950948357582092
          ],
          [
            0.8217921257019043,
            0.9719606637954712,
            0.8195499181747437,
            0.8878746032714844,
            0.8209778070449829,
            0.819033145904541,
            0.834452748298645,
            1.0000001192092896,
            0.8235579133033752
          ],
          [
            0.9961975812911987,
            0.8879374265670776,
            0.995846152305603,
            0.9838369488716125,
            0.9963520765304565,
            0.9967073202133179,
            0.9950948357582092,
            0.8235579133033752,
            0.999998927116394
          ]
        ]
      },
      "logit_G_pca_dims": {
        "dim_95": 3,
        "dim_99": 5,
        "top1_var": 0.9062143564224243
      },
      "semantic_grammar_efficiency": {
        "same_family_cos_mean": 0.8873883485794067,
        "cross_family_cos_mean": 0.9913733899593353,
        "cross_grammar_cos_mean": 0.9088568687438965,
        "function_word_cos_mean": 0.9961975812911987,
        "semantic_separation": 0.10398504137992859
      },
      "G_svd_apple": {
        "top10_ratio": 0.9337263703346252,
        "top30_ratio": 0.9794043898582458,
        "G_svd_energy": 2113905.75
      },
      "G_svd_banana": {
        "top10_ratio": 0.449017733335495,
        "top30_ratio": 0.7924238443374634,
        "G_svd_energy": 315712.375
      },
      "G_svd_orange": {
        "top10_ratio": 0.9277859926223755,
        "top30_ratio": 0.9768903851509094,
        "G_svd_energy": 1754541.75
      },
      "G_svd_cat": {
        "top10_ratio": 0.7879562973976135,
        "top30_ratio": 0.9275873303413391,
        "G_svd_energy": 447289.5625
      },
      "G_svd_dog": {
        "top10_ratio": 0.9313790202140808,
        "top30_ratio": 0.9782897233963013,
        "G_svd_energy": 2022514.625
      },
      "G_svd_car": {
        "top10_ratio": 0.9468849897384644,
        "top30_ratio": 0.9783524870872498,
        "G_svd_energy": 2728018.75
      },
      "G_svd_run": {
        "top10_ratio": 0.9138947129249573,
        "top30_ratio": 0.9677717089653015,
        "G_svd_energy": 966953.8125
      },
      "G_svd_red": {
        "top10_ratio": 0.45493587851524353,
        "top30_ratio": 0.8268026113510132,
        "G_svd_energy": 289217.78125
      },
      "G_svd_the": {
        "top10_ratio": 0.9259319305419922,
        "top30_ratio": 0.9696086645126343,
        "G_svd_energy": 1413006.125
      }
    },
    "L27": {
      "layer": 27,
      "word_G_norms": {
        "apple": 4481.88525390625,
        "banana": 18373.564453125,
        "orange": 4284.90234375,
        "cat": 11645.2744140625,
        "dog": 4156.05224609375,
        "car": 4048.5712890625,
        "run": 5165.685546875,
        "red": 18464.408203125,
        "the": 3690.8935546875
      },
      "word_logit_G_norms": {
        "apple": 168653.5625,
        "banana": 1048558.75,
        "orange": 162130.53125,
        "cat": 458947.9375,
        "dog": 144260.0,
        "car": 155294.28125,
        "run": 95092.0546875,
        "red": 1087067.0,
        "the": 84488.2578125
      },
      "logit_G_cosine_matrix": {
        "words": [
          "apple",
          "banana",
          "orange",
          "cat",
          "dog",
          "car",
          "run",
          "red",
          "the"
        ],
        "matrix": [
          [
            0.9999999403953552,
            -0.9553990364074707,
            0.9987394213676453,
            -0.9315303564071655,
            0.997696042060852,
            0.9976099729537964,
            0.9609115123748779,
            -0.9569768905639648,
            0.9840278029441833
          ],
          [
            -0.9553990364074707,
            0.9999985098838806,
            -0.9562979936599731,
            0.9968258142471313,
            -0.9516649842262268,
            -0.9544609785079956,
            -0.8499057292938232,
            0.9999187588691711,
            -0.9088249206542969
          ],
          [
            0.9987394213676453,
            -0.9562979936599731,
            0.9999991655349731,
            -0.9328017234802246,
            0.997660219669342,
            0.9974803328514099,
            0.9594995975494385,
            -0.957843542098999,
            0.9841246008872986
          ],
          [
            -0.9315303564071655,
            0.9968258142471313,
            -0.9328017234802246,
            0.9999995231628418,
            -0.9272215962409973,
            -0.9305254817008972,
            -0.8082729578018188,
            0.9964092969894409,
            -0.8776829242706299
          ],
          [
            0.997696042060852,
            -0.9516649842262268,
            0.997660219669342,
            -0.9272215962409973,
            1.0,
            0.9975183606147766,
            0.9620673060417175,
            -0.9532597064971924,
            0.9855260252952576
          ],
          [
            0.9976099729537964,
            -0.9544609785079956,
            0.9974803328514099,
            -0.9305254817008972,
            0.9975183606147766,
            0.9999997615814209,
            0.9604878425598145,
            -0.9560058116912842,
            0.9848443269729614
          ],
          [
            0.9609115123748779,
            -0.8499057292938232,
            0.9594995975494385,
            -0.8082729578018188,
            0.9620673060417175,
            0.9604878425598145,
            0.9999998807907104,
            -0.8527193665504456,
            0.9757287502288818
          ],
          [
            -0.9569768905639648,
            0.9999187588691711,
            -0.957843542098999,
            0.9964092969894409,
            -0.9532597064971924,
            -0.9560058116912842,
            -0.8527193665504456,
            0.9999983310699463,
            -0.9109732508659363
          ],
          [
            0.9840278029441833,
            -0.9088249206542969,
            0.9841246008872986,
            -0.8776829242706299,
            0.9855260252952576,
            0.9848443269729614,
            0.9757287502288818,
            -0.9109732508659363,
            1.0000001192092896
          ]
        ]
      },
      "logit_G_pca_dims": {
        "dim_95": 1,
        "dim_99": 2,
        "top1_var": 0.9888840317726135
      },
      "semantic_grammar_efficiency": {
        "same_family_cos_mean": -0.9553990364074707,
        "cross_family_cos_mean": 0.03303980827331543,
        "cross_grammar_cos_mean": 0.001967310905456543,
        "function_word_cos_mean": 0.9840278029441833,
        "semantic_separation": 0.9884388446807861
      },
      "G_svd_apple": {
        "top10_ratio": 0.8588206171989441,
        "top30_ratio": 0.9576907753944397,
        "G_svd_energy": 2233614.25
      },
      "G_svd_banana": {
        "top10_ratio": 0.9420830011367798,
        "top30_ratio": 0.9855980277061462,
        "G_svd_energy": 163985552.0
      },
      "G_svd_orange": {
        "top10_ratio": 0.8686326742172241,
        "top30_ratio": 0.9561259746551514,
        "G_svd_energy": 1997620.625
      },
      "G_svd_cat": {
        "top10_ratio": 0.9095987677574158,
        "top30_ratio": 0.9789009690284729,
        "G_svd_energy": 43814328.0
      },
      "G_svd_dog": {
        "top10_ratio": 0.8302456140518188,
        "top30_ratio": 0.9522966742515564,
        "G_svd_energy": 1696870.625
      },
      "G_svd_car": {
        "top10_ratio": 0.8315171003341675,
        "top30_ratio": 0.9469608068466187,
        "G_svd_energy": 1792804.125
      },
      "G_svd_run": {
        "top10_ratio": 0.7632983922958374,
        "top30_ratio": 0.9277597665786743,
        "G_svd_energy": 2081421.875
      },
      "G_svd_red": {
        "top10_ratio": 0.9441438317298889,
        "top30_ratio": 0.986346960067749,
        "G_svd_energy": 172028128.0
      },
      "G_svd_the": {
        "top10_ratio": 0.6957548260688782,
        "top30_ratio": 0.9058952331542969,
        "G_svd_energy": 788269.875
      }
    }
  },
  "P689": {
    "L1": {
      "layer": 1,
      "word_top_logit_words": {
        "apple": [
          {
            "word": " ",
            "logit_contribution": 30.337833404541016
          },
          {
            "word": "-",
            "logit_contribution": 27.83852767944336
          },
          {
            "word": ",",
            "logit_contribution": 27.173492431640625
          },
          {
            "word": " (",
            "logit_contribution": 26.218856811523438
          },
          {
            "word": "\n",
            "logit_contribution": 23.853668212890625
          },
          {
            "word": "(",
            "logit_contribution": 23.384563446044922
          },
          {
