{
  "model": "qwen3",
  "model_info": {
    "class": "Qwen3ForCausalLM",
    "n_layers": 36,
    "d_model": 2560,
    "d_mlp": 9728,
    "vocab_size": 151936,
    "mlp_type": "split_gate_up"
  },
  "timestamp": "2026-04-15 21:28:04",
  "P688": {
    "L0": {
      "layer": 0,
      "word_G_norms": {
        "apple": 1.8659193515777588,
        "banana": 1.8659193515777588,
        "orange": 1.8659193515777588,
        "cat": 1.8659193515777588,
        "dog": 1.8659193515777588,
        "car": 1.8659193515777588,
        "run": 1.8659193515777588,
        "red": 1.8659193515777588,
        "the": 1.8659193515777588
      },
      "word_logit_G_norms": {
        "apple": 30.079307556152344,
        "banana": 30.079307556152344,
        "orange": 30.079307556152344,
        "cat": 30.079307556152344,
        "dog": 30.079307556152344,
        "car": 30.079307556152344,
        "run": 30.079307556152344,
        "red": 30.079307556152344,
        "the": 30.079307556152344
      },
      "logit_G_cosine_matrix": {
        "words": [
          "apple",
          "banana",
          "orange",
          "cat",
          "dog",
          "car",
          "run",
          "red",
          "the"
        ],
        "matrix": [
          [
            1.000002384185791,
            1.000002384185791,
            1.000002384185791,
            1.000002384185791,
            1.000002384185791,
            1.000002384185791,
            1.000002384185791,
            1.000002384185791,
            1.000002384185791
          ],
          [
            1.000002384185791,
            1.000002384185791,
            1.000002384185791,
            1.000002384185791,
            1.000002384185791,
            1.000002384185791,
            1.000002384185791,
            1.000002384185791,
            1.000002384185791
          ],
          [
            1.000002384185791,
            1.000002384185791,
            1.000002384185791,
            1.000002384185791,
            1.000002384185791,
            1.000002384185791,
            1.000002384185791,
            1.000002384185791,
            1.000002384185791
          ],
          [
            1.000002384185791,
            1.000002384185791,
            1.000002384185791,
            1.000002384185791,
            1.000002384185791,
            1.000002384185791,
            1.000002384185791,
            1.000002384185791,
            1.000002384185791
          ],
          [
            1.000002384185791,
            1.000002384185791,
            1.000002384185791,
            1.000002384185791,
            1.000002384185791,
            1.000002384185791,
            1.000002384185791,
            1.000002384185791,
            1.000002384185791
          ],
          [
            1.000002384185791,
            1.000002384185791,
            1.000002384185791,
            1.000002384185791,
            1.000002384185791,
            1.000002384185791,
            1.000002384185791,
            1.000002384185791,
            1.000002384185791
          ],
          [
            1.000002384185791,
            1.000002384185791,
            1.000002384185791,
            1.000002384185791,
            1.000002384185791,
            1.000002384185791,
            1.000002384185791,
            1.000002384185791,
            1.000002384185791
          ],
          [
            1.000002384185791,
            1.000002384185791,
            1.000002384185791,
            1.000002384185791,
            1.000002384185791,
            1.000002384185791,
            1.000002384185791,
            1.000002384185791,
            1.000002384185791
          ],
          [
            1.000002384185791,
            1.000002384185791,
            1.000002384185791,
            1.000002384185791,
            1.000002384185791,
            1.000002384185791,
            1.000002384185791,
            1.000002384185791,
            1.000002384185791
          ]
        ]
      },
      "logit_G_pca_dims": {
        "dim_95": 1,
        "dim_99": 1,
        "top1_var": 1.0
      },
      "semantic_grammar_efficiency": {
        "same_family_cos_mean": 1.000002384185791,
        "cross_family_cos_mean": 1.000002384185791,
        "cross_grammar_cos_mean": 1.000002384185791,
        "function_word_cos_mean": 1.000002384185791,
        "semantic_separation": 0.0
      },
      "G_svd_apple": {
        "top10_ratio": 0.5870000720024109,
        "top30_ratio": 0.8170502781867981,
        "G_svd_energy": 0.279173880815506
      },
      "G_svd_banana": {
        "top10_ratio": 0.5870000720024109,
        "top30_ratio": 0.8170502781867981,
        "G_svd_energy": 0.279173880815506
      },
      "G_svd_orange": {
        "top10_ratio": 0.5870000720024109,
        "top30_ratio": 0.8170502781867981,
        "G_svd_energy": 0.279173880815506
      },
      "G_svd_cat": {
        "top10_ratio": 0.5870000720024109,
        "top30_ratio": 0.8170502781867981,
        "G_svd_energy": 0.279173880815506
      },
      "G_svd_dog": {
        "top10_ratio": 0.5870000720024109,
        "top30_ratio": 0.8170502781867981,
        "G_svd_energy": 0.279173880815506
      },
      "G_svd_car": {
        "top10_ratio": 0.5870000720024109,
        "top30_ratio": 0.8170502781867981,
        "G_svd_energy": 0.279173880815506
      },
      "G_svd_run": {
        "top10_ratio": 0.5870000720024109,
        "top30_ratio": 0.8170502781867981,
        "G_svd_energy": 0.279173880815506
      },
      "G_svd_red": {
        "top10_ratio": 0.5870000720024109,
        "top30_ratio": 0.8170502781867981,
        "G_svd_energy": 0.279173880815506
      },
      "G_svd_the": {
        "top10_ratio": 0.5870000720024109,
        "top30_ratio": 0.8170502781867981,
        "G_svd_energy": 0.279173880815506
      }
    },
    "L1": {
      "layer": 1,
      "word_G_norms": {
        "apple": 52.3137321472168,
        "banana": 52.27062225341797,
        "orange": 52.31795120239258,
        "cat": 51.19118881225586,
        "dog": 52.23258590698242,
        "car": 51.556358337402344,
        "run": 51.74925994873047,
        "red": 51.31772994995117,
        "the": 48.41590118408203
      },
      "word_logit_G_norms": {
        "apple": 431.2171630859375,
        "banana": 431.0338134765625,
        "orange": 431.2218017578125,
        "cat": 420.82818603515625,
        "dog": 430.233642578125,
        "car": 424.7615966796875,
        "run": 426.9029846191406,
        "red": 421.97198486328125,
        "the": 397.5671691894531
      },
      "logit_G_cosine_matrix": {
        "words": [
          "apple",
          "banana",
          "orange",
          "cat",
          "dog",
          "car",
          "run",
          "red",
          "the"
        ],
        "matrix": [
          [
            1.0000017881393433,
            0.9999634027481079,
            0.9999687671661377,
            0.9998638033866882,
            0.9999776482582092,
            0.9999697208404541,
            0.9999263286590576,
            0.999873697757721,
            0.9993335008621216
          ],
          [
            0.9999634027481079,
            1.0000014305114746,
            0.9999499320983887,
            0.9998195171356201,
            0.9999496340751648,
            0.9999363422393799,
            0.9999052286148071,
            0.9998353719711304,
            0.9992518424987793
          ],
          [
            0.9999687671661377,
            0.9999499320983887,
            1.0000014305114746,
            0.9998422861099243,
            0.9999563694000244,
            0.9999415874481201,
            0.9999035596847534,
            0.999896764755249,
            0.9993327856063843
          ],
          [
            0.9998638033866882,
            0.9998195171356201,
            0.9998422861099243,
            1.0000004768371582,
            0.9999235272407532,
            0.99989253282547,
            0.9997727274894714,
            0.9999365210533142,
            0.9995206594467163
          ],
          [
            0.9999776482582092,
            0.9999496340751648,
            0.9999563694000244,
            0.9999235272407532,
            1.0000004768371582,
            0.9999734163284302,
            0.9999132752418518,
            0.999911904335022,
            0.999406099319458
          ],
          [
            0.9999697208404541,
            0.9999363422393799,
            0.9999415874481201,
            0.99989253282547,
            0.9999734163284302,
            0.999999463558197,
            0.9999203681945801,
            0.9998801350593567,
            0.9994057416915894
          ],
          [
            0.9999263286590576,
            0.9999052286148071,
            0.9999035596847534,
            0.9997727274894714,
            0.9999132752418518,
            0.9999203681945801,
            1.0000007152557373,
            0.9997674226760864,
            0.9992967844009399
          ],
          [
            0.999873697757721,
            0.9998353719711304,
            0.999896764755249,
            0.9999365210533142,
            0.999911904335022,
            0.9998801350593567,
            0.9997674226760864,
            1.0000016689300537,
            0.9994937181472778
          ],
          [
            0.9993335008621216,
            0.9992518424987793,
            0.9993327856063843,
            0.9995206594467163,
            0.999406099319458,
            0.9994057416915894,
            0.9992967844009399,
            0.9994937181472778,
            0.9999973773956299
          ]
        ]
      },
      "logit_G_pca_dims": {
        "dim_95": 5,
        "dim_99": 7,
        "top1_var": 0.6594616770744324
      },
      "semantic_grammar_efficiency": {
        "same_family_cos_mean": 0.9999634027481079,
        "cross_family_cos_mean": 0.9999167621135712,
        "cross_grammar_cos_mean": 0.9999000132083893,
        "function_word_cos_mean": 0.9993335008621216,
        "semantic_separation": -4.6640634536743164e-05
      },
      "G_svd_apple": {
        "top10_ratio": 0.44280773401260376,
        "top30_ratio": 0.8070250749588013,
        "G_svd_energy": 177.24105834960938
      },
      "G_svd_banana": {
        "top10_ratio": 0.44390150904655457,
        "top30_ratio": 0.8069748878479004,
        "G_svd_energy": 177.38531494140625
      },
      "G_svd_orange": {
        "top10_ratio": 0.4431426525115967,
        "top30_ratio": 0.8072450757026672,
        "G_svd_energy": 177.4378204345703
      },
      "G_svd_cat": {
        "top10_ratio": 0.4413047134876251,
        "top30_ratio": 0.8057203888893127,
        "G_svd_energy": 167.71873474121094
      },
      "G_svd_dog": {
        "top10_ratio": 0.4422799050807953,
        "top30_ratio": 0.8065081834793091,
        "G_svd_energy": 176.1121063232422
      },
      "G_svd_car": {
        "top10_ratio": 0.44214776158332825,
        "top30_ratio": 0.8064590692520142,
        "G_svd_energy": 171.47486877441406
      },
      "G_svd_run": {
        "top10_ratio": 0.44350311160087585,
        "top30_ratio": 0.807018518447876,
        "G_svd_energy": 174.2099609375
      },
      "G_svd_red": {
        "top10_ratio": 0.4415668249130249,
        "top30_ratio": 0.8059560060501099,
        "G_svd_energy": 168.87974548339844
      },
      "G_svd_the": {
        "top10_ratio": 0.4388173222541809,
        "top30_ratio": 0.8022627830505371,
        "G_svd_energy": 148.351318359375
      }
    },
    "L2": {
      "layer": 2,
      "word_G_norms": {
        "apple": 24.505001068115234,
        "banana": 25.849279403686523,
        "orange": 24.705121994018555,
        "cat": 22.63251304626465,
        "dog": 24.33491325378418,
        "car": 23.776887893676758,
        "run": 23.71198844909668,
        "red": 23.599721908569336,
        "the": 19.844642639160156
      },
      "word_logit_G_norms": {
        "apple": 201.61630249023438,
        "banana": 212.0895538330078,
        "orange": 202.5352783203125,
        "cat": 184.75511169433594,
        "dog": 199.73558044433594,
        "car": 194.60667419433594,
        "run": 194.35955810546875,
        "red": 193.34776306152344,
        "the": 161.60076904296875
      },
      "logit_G_cosine_matrix": {
        "words": [
          "apple",
          "banana",
          "orange",
          "cat",
          "dog",
          "car",
          "run",
          "red",
          "the"
        ],
        "matrix": [
          [
            1.0000014305114746,
            0.99900221824646,
            0.999118447303772,
            0.994345486164093,
            0.9991405606269836,
            0.9979597330093384,
            0.9976506233215332,
            0.9979755878448486,
            0.9573034644126892
          ],
          [
            0.99900221824646,
            1.0000001192092896,
            0.9992214441299438,
            0.9934338331222534,
            0.9983282685279846,
            0.9972068071365356,
            0.996959388256073,
            0.9974175691604614,
            0.957341194152832
          ],
          [
            0.999118447303772,
            0.9992214441299438,
            0.9999975562095642,
            0.9937753081321716,
            0.9985693693161011,
            0.9976097345352173,
            0.997646152973175,
            0.9986811876296997,
            0.9577486515045166
          ],
          [
            0.994345486164093,
            0.9934338331222534,
            0.9937753081321716,
            0.9999980926513672,
            0.9955614805221558,
            0.9969448447227478,
            0.9951201677322388,
            0.9948356747627258,
            0.963977575302124
          ],
          [
            0.9991405606269836,
            0.9983282685279846,
            0.9985693693161011,
            0.9955614805221558,
            1.0000009536743164,
            0.9986697435379028,
            0.9985153675079346,
            0.9984089136123657,
            0.9587786197662354
          ],
          [
            0.9979597330093384,
            0.9972068071365356,
            0.9976097345352173,
            0.9969448447227478,
            0.9986697435379028,
            1.000002145767212,
            0.9982513785362244,
            0.9978868365287781,
            0.9655174016952515
          ],
          [
            0.9976506233215332,
            0.996959388256073,
            0.997646152973175,
            0.9951201677322388,
            0.9985153675079346,
            0.9982513785362244,
            1.000000238418579,
            0.9980913996696472,
            0.960968017578125
          ],
          [
            0.9979755878448486,
            0.9974175691604614,
            0.9986811876296997,
            0.9948356747627258,
            0.9984089136123657,
            0.9978868365287781,
            0.9980913996696472,
            1.0000033378601074,
            0.9586575627326965
          ],
          [
            0.9573034644126892,
            0.957341194152832,
            0.9577486515045166,
            0.963977575302124,
            0.9587786197662354,
            0.9655174016952515,
            0.960968017578125,
            0.9586575627326965,
            1.0000009536743164
          ]
        ]
      },
      "logit_G_pca_dims": {
        "dim_95": 4,
        "dim_99": 7,
        "top1_var": 0.8048437833786011
      },
      "semantic_grammar_efficiency": {
        "same_family_cos_mean": 0.99900221824646,
        "cross_family_cos_mean": 0.9961526095867157,
        "cross_grammar_cos_mean": 0.9978131055831909,
        "function_word_cos_mean": 0.9573034644126892,
        "semantic_separation": -0.0028496086597442627
      },
      "G_svd_apple": {
        "top10_ratio": 0.4690203368663788,
        "top30_ratio": 0.779328465461731,
        "G_svd_energy": 29.884321212768555
      },
      "G_svd_banana": {
        "top10_ratio": 0.4697137176990509,
        "top30_ratio": 0.78004390001297,
        "G_svd_energy": 32.37331008911133
      },
      "G_svd_orange": {
        "top10_ratio": 0.47524377703666687,
        "top30_ratio": 0.7857191562652588,
        "G_svd_energy": 29.68593406677246
      },
      "G_svd_cat": {
        "top10_ratio": 0.4664403796195984,
        "top30_ratio": 0.7752183675765991,
        "G_svd_energy": 24.680377960205078
      },
      "G_svd_dog": {
        "top10_ratio": 0.4692249894142151,
        "top30_ratio": 0.7795981764793396,
        "G_svd_energy": 29.155710220336914
      },
      "G_svd_car": {
        "top10_ratio": 0.46996447443962097,
        "top30_ratio": 0.7805684208869934,
        "G_svd_energy": 27.670289993286133
      },
      "G_svd_run": {
        "top10_ratio": 0.47150248289108276,
        "top30_ratio": 0.7829344868659973,
        "G_svd_energy": 28.169052124023438
      },
      "G_svd_red": {
        "top10_ratio": 0.4675041735172272,
        "top30_ratio": 0.782489538192749,
        "G_svd_energy": 27.601613998413086
      },
      "G_svd_the": {
        "top10_ratio": 0.4873959422111511,
        "top30_ratio": 0.8008227944374084,
        "G_svd_energy": 17.409160614013672
      }
    },
    "L3": {
      "layer": 3,
      "word_G_norms": {
        "apple": 14.046502113342285,
        "banana": 14.459480285644531,
        "orange": 14.435236930847168,
        "cat": 14.64404296875,
        "dog": 13.94522762298584,
        "car": 14.352128028869629,
        "run": 13.958820343017578,
        "red": 14.191385269165039,
        "the": 14.731592178344727
      },
      "word_logit_G_norms": {
        "apple": 115.1285629272461,
        "banana": 118.23881530761719,
        "orange": 117.55526733398438,
        "cat": 118.83563232421875,
        "dog": 114.63221740722656,
        "car": 117.44143676757812,
        "run": 114.63654327392578,
        "red": 116.23040008544922,
        "the": 125.44438934326172
      },
      "logit_G_cosine_matrix": {
        "words": [
          "apple",
          "banana",
          "orange",
          "cat",
          "dog",
          "car",
          "run",
          "red",
          "the"
        ],
        "matrix": [
          [
            1.0000009536743164,
            0.9963860511779785,
            0.9956943988800049,
            0.9888930320739746,
            0.9970988631248474,
            0.9967455267906189,
            0.9933422803878784,
            0.994513750076294,
            0.923876166343689
          ],
          [
            0.9963860511779785,
            0.9999995231628418,
            0.996941089630127,
            0.9867479205131531,
            0.9954433441162109,
            0.9947781562805176,
            0.9907565712928772,
            0.9942004084587097,
            0.9152832627296448
          ],
          [
            0.9956943988800049,
            0.996941089630127,
            0.9999964833259583,
            0.9864283800125122,
            0.9947086572647095,
            0.9944883584976196,
            0.9917140603065491,
            0.9963774085044861,
            0.912695586681366
          ],
          [
            0.9888930320739746,
            0.9867479205131531,
            0.9864283800125122,
            0.9999992847442627,
            0.9880688190460205,
            0.9904851913452148,
            0.9839344024658203,
            0.9853046536445618,
            0.9124587774276733
          ],
          [
            0.9970988631248474,
            0.9954433441162109,
            0.9947086572647095,
            0.9880688190460205,
            0.9999999403953552,
            0.9972018003463745,
            0.9943867921829224,
            0.9957277774810791,
            0.9223710298538208
          ],
          [
            0.9967455267906189,
            0.9947781562805176,
            0.9944883584976196,
            0.9904851913452148,
            0.9972018003463745,
            0.9999985694885254,
            0.9948530197143555,
            0.9954007267951965,
            0.9263675808906555
          ],
          [
            0.9933422803878784,
            0.9907565712928772,
            0.9917140603065491,
            0.9839344024658203,
            0.9943867921829224,
            0.9948530197143555,
            1.0000014305114746,
            0.9943561553955078,
            0.9310922622680664
          ],
          [
            0.994513750076294,
            0.9942004084587097,
            0.9963774085044861,
            0.9853046536445618,
            0.9957277774810791,
            0.9954007267951965,
            0.9943561553955078,
            0.9999983310699463,
            0.9207282066345215
          ],
          [
            0.923876166343689,
            0.9152832627296448,
            0.912695586681366,
            0.9124587774276733,
            0.9223710298538208,
            0.9263675808906555,
            0.9310922622680664,
            0.9207282066345215,
            1.0000009536743164
          ]
        ]
      },
      "logit_G_pca_dims": {
        "dim_95": 5,
        "dim_99": 7,
        "top1_var": 0.7459307909011841
      },
      "semantic_grammar_efficiency": {
        "same_family_cos_mean": 0.9963860511779785,
        "cross_family_cos_mean": 0.9928192794322968,
        "cross_grammar_cos_mean": 0.9939280152320862,
        "function_word_cos_mean": 0.923876166343689,
        "semantic_separation": -0.0035667717456817627
      },
      "G_svd_apple": {
        "top10_ratio": 0.44928479194641113,
        "top30_ratio": 0.8252847194671631,
        "G_svd_energy": 9.768836975097656
      },
      "G_svd_banana": {
        "top10_ratio": 0.46123206615448,
        "top30_ratio": 0.825924813747406,
        "G_svd_energy": 10.25186538696289
      },
      "G_svd_orange": {
        "top10_ratio": 0.45509302616119385,
        "top30_ratio": 0.8231997489929199,
        "G_svd_energy": 10.06131362915039
      },
      "G_svd_cat": {
        "top10_ratio": 0.4328848421573639,
        "top30_ratio": 0.8048345446586609,
        "G_svd_energy": 10.249434471130371
      },
      "G_svd_dog": {
        "top10_ratio": 0.44631674885749817,
        "top30_ratio": 0.8155732750892639,
        "G_svd_energy": 9.480391502380371
      },
      "G_svd_car": {
        "top10_ratio": 0.4549330174922943,
        "top30_ratio": 0.8197113275527954,
        "G_svd_energy": 9.907500267028809
      },
      "G_svd_run": {
        "top10_ratio": 0.4622751772403717,
        "top30_ratio": 0.8209824562072754,
        "G_svd_energy": 9.315183639526367
      },
      "G_svd_red": {
        "top10_ratio": 0.4524414539337158,
        "top30_ratio": 0.816841721534729,
        "G_svd_energy": 9.585393905639648
      },
      "G_svd_the": {
        "top10_ratio": 0.45174774527549744,
        "top30_ratio": 0.7893586754798889,
        "G_svd_energy": 10.25114631652832
      }
    },
    "L18": {
      "layer": 18,
      "word_G_norms": {
        "apple": 58.748958587646484,
        "banana": 58.44096374511719,
        "orange": 56.344154357910156,
        "cat": 57.70854949951172,
        "dog": 56.87287902832031,
        "car": 55.36870193481445,
        "run": 53.188232421875,
        "red": 54.56364440917969,
        "the": 60.503047943115234
      },
      "word_logit_G_norms": {
        "apple": 548.0039672851562,
        "banana": 555.2864990234375,
        "orange": 508.6546936035156,
        "cat": 523.5738525390625,
        "dog": 489.9712219238281,
        "car": 488.7814025878906,
        "run": 456.5267639160156,
        "red": 462.1542053222656,
        "the": 567.0056762695312
      },
      "logit_G_cosine_matrix": {
        "words": [
          "apple",
          "banana",
          "orange",
          "cat",
          "dog",
          "car",
          "run",
          "red",
          "the"
        ],
        "matrix": [
          [
            0.9999984502792358,
            0.9886175394058228,
            0.9628353118896484,
            0.9593602418899536,
            0.9459937810897827,
            0.9257550239562988,
            0.8128458857536316,
            0.7654509544372559,
            0.6871481537818909
          ],
          [
            0.9886175394058228,
            1.000002145767212,
            0.9520206451416016,
            0.9401624202728271,
            0.9232730865478516,
            0.9052326083183289,
            0.7843511700630188,
            0.7450919151306152,
            0.673335075378418
          ],
          [
            0.9628353118896484,
            0.9520206451416016,
            0.9999982118606567,
            0.9659707546234131,
            0.9603044390678406,
            0.9483597278594971,
            0.8670287132263184,
            0.7983565330505371,
            0.7142678499221802
          ],
          [
            0.9593602418899536,
            0.9401624202728271,
            0.9659707546234131,
            0.9999978542327881,
            0.9787653088569641,
            0.9684313535690308,
            0.8772946000099182,
            0.7983545660972595,
            0.7200164198875427
          ],
          [
            0.9459937810897827,
            0.9232730865478516,
            0.9603044390678406,
            0.9787653088569641,
            1.0000016689300537,
            0.9747206568717957,
            0.8941084742546082,
            0.800663948059082,
            0.7118661403656006
          ],
          [
            0.9257550239562988,
            0.9052326083183289,
            0.9483597278594971,
            0.9684313535690308,
            0.9747206568717957,
            0.9999985098838806,
            0.9104535579681396,
            0.7766257524490356,
            0.7439807653427124
          ],
          [
            0.8128458857536316,
            0.7843511700630188,
            0.8670287132263184,
            0.8772946000099182,
            0.8941084742546082,
            0.9104535579681396,
            0.9999992847442627,
            0.7957449555397034,
            0.7816483974456787
          ],
          [
            0.7654509544372559,
            0.7450919151306152,
            0.7983565330505371,
            0.7983545660972595,
            0.800663948059082,
            0.7766257524490356,
            0.7957449555397034,
            0.999998927116394,
            0.695100724697113
          ],
          [
            0.6871481537818909,
            0.673335075378418,
            0.7142678499221802,
            0.7200164198875427,
            0.7118661403656006,
            0.7439807653427124,
            0.7816483974456787,
            0.695100724697113,
            0.9999973773956299
          ]
        ]
      },
      "logit_G_pca_dims": {
        "dim_95": 5,
        "dim_99": 7,
        "top1_var": 0.4485383927822113
      },
      "semantic_grammar_efficiency": {
        "same_family_cos_mean": 0.9886175394058228,
        "cross_family_cos_mean": 0.9425576329231262,
        "cross_grammar_cos_mean": 0.7891484200954437,
        "function_word_cos_mean": 0.6871481537818909,
        "semantic_separation": -0.04605990648269653
      },
      "G_svd_apple": {
        "top10_ratio": 0.4112350046634674,
        "top30_ratio": 0.7714563608169556,
        "G_svd_energy": 108.4732437133789
      },
      "G_svd_banana": {
        "top10_ratio": 0.41789793968200684,
        "top30_ratio": 0.793791651725769,
        "G_svd_energy": 113.68213653564453
      },
      "G_svd_orange": {
        "top10_ratio": 0.3969556391239166,
        "top30_ratio": 0.7426360249519348,
        "G_svd_energy": 95.42198944091797
      },
      "G_svd_cat": {
        "top10_ratio": 0.3662087321281433,
        "top30_ratio": 0.7173904180526733,
        "G_svd_energy": 104.27783966064453
      },
      "G_svd_dog": {
        "top10_ratio": 0.3429633677005768,
        "top30_ratio": 0.6958320140838623,
        "G_svd_energy": 83.92666625976562
      },
      "G_svd_car": {
        "top10_ratio": 0.3681067228317261,
        "top30_ratio": 0.6945096850395203,
        "G_svd_energy": 79.58023834228516
      },
      "G_svd_run": {
        "top10_ratio": 0.3871379792690277,
        "top30_ratio": 0.761364221572876,
        "G_svd_energy": 86.15021514892578
      },
      "G_svd_red": {
        "top10_ratio": 0.4546361565589905,
        "top30_ratio": 0.7716546058654785,
        "G_svd_energy": 120.5072021484375
      },
      "G_svd_the": {
        "top10_ratio": 0.45671671628952026,
        "top30_ratio": 0.8386699557304382,
        "G_svd_energy": 142.26611328125
      }
    },
    "L34": {
      "layer": 34,
      "word_G_norms": {
        "apple": 554.9078979492188,
        "banana": 518.828125,
        "orange": 525.4866333007812,
        "cat": 574.8741455078125,
        "dog": 606.1834716796875,
        "car": 587.5950317382812,
        "run": 535.7319946289062,
        "red": 486.0662536621094,
        "the": 501.8621826171875
      },
      "word_logit_G_norms": {
        "apple": 5339.5546875,
        "banana": 4979.7822265625,
        "orange": 5119.94677734375,
        "cat": 5819.94140625,
        "dog": 5819.095703125,
        "car": 6083.41357421875,
        "run": 6268.9052734375,
        "red": 5424.40625,
        "the": 5731.01025390625
      },
      "logit_G_cosine_matrix": {
        "words": [
          "apple",
          "banana",
          "orange",
          "cat",
          "dog",
          "car",
          "run",
          "red",
          "the"
        ],
        "matrix": [
          [
            1.0000004768371582,
            0.9712979793548584,
            0.9567089676856995,
            0.9399126768112183,
            0.9258642792701721,
            0.9296932220458984,
            0.8420418500900269,
            0.7863603234291077,
            0.7815564870834351
          ],
          [
            0.9712979793548584,
            1.0000011920928955,
            0.9461547136306763,
            0.9114798307418823,
            0.898374080657959,
            0.9082995653152466,
            0.8315110206604004,
            0.7959359884262085,
            0.776025652885437
          ],
          [
            0.9567089676856995,
            0.9461547136306763,
            1.0,
            0.9335706233978271,
            0.9127016663551331,
            0.9405703544616699,
            0.8846803903579712,
            0.8417744636535645,
            0.8213249444961548
          ],
          [
            0.9399126768112183,
            0.9114798307418823,
            0.9335706233978271,
            1.0000003576278687,
            0.9592938423156738,
            0.9487160444259644,
            0.8788507580757141,
            0.816840648651123,
            0.8054195642471313
          ],
          [
            0.9258642792701721,
            0.898374080657959,
            0.9127016663551331,
            0.9592938423156738,
            0.9999996423721313,
            0.9284974932670593,
            0.8413390517234802,
            0.7933114767074585,
            0.773250162601471
          ],
          [
            0.9296932220458984,
            0.9082995653152466,
            0.9405703544616699,
            0.9487160444259644,
            0.9284974932670593,
            0.9999998211860657,
            0.9123314619064331,
            0.8424389362335205,
            0.8408052325248718
          ],
          [
            0.8420418500900269,
            0.8315110206604004,
            0.8846803903579712,
            0.8788507580757141,
            0.8413390517234802,
            0.9123314619064331,
            0.9999986886978149,
            0.9118279814720154,
            0.9179880619049072
          ],
          [
            0.7863603234291077,
            0.7959359884262085,
            0.8417744636535645,
            0.816840648651123,
            0.7933114767074585,
            0.8424389362335205,
            0.9118279814720154,
            0.9999994039535522,
            0.9095165133476257
          ],
          [
            0.7815564870834351,
            0.776025652885437,
            0.8213249444961548,
            0.8054195642471313,
            0.773250162601471,
            0.8408052325248718,
            0.9179880619049072,
            0.9095165133476257,
            0.9999976754188538
          ]
        ]
      },
      "logit_G_pca_dims": {
        "dim_95": 7,
        "dim_99": 8,
        "top1_var": 0.5124978423118591
      },
      "semantic_grammar_efficiency": {
        "same_family_cos_mean": 0.9712979793548584,
        "cross_family_cos_mean": 0.9348029494285583,
        "cross_grammar_cos_mean": 0.8142010867595673,
        "function_word_cos_mean": 0.7815564870834351,
        "semantic_separation": -0.03649502992630005
      },
      "G_svd_apple": {
        "top10_ratio": 0.5453876852989197,
        "top30_ratio": 0.8137731552124023,
        "G_svd_energy": 26759.240234375
      },
      "G_svd_banana": {
        "top10_ratio": 0.5684966444969177,
        "top30_ratio": 0.8333098888397217,
        "G_svd_energy": 22937.982421875
      },
      "G_svd_orange": {
        "top10_ratio": 0.5743693113327026,
        "top30_ratio": 0.8319113254547119,
        "G_svd_energy": 24625.62890625
      },
      "G_svd_cat": {
        "top10_ratio": 0.519408643245697,
        "top30_ratio": 0.812918484210968,
        "G_svd_energy": 29675.849609375
      },
      "G_svd_dog": {
        "top10_ratio": 0.49941667914390564,
        "top30_ratio": 0.8081679344177246,
        "G_svd_energy": 32699.08984375
      },
      "G_svd_car": {
        "top10_ratio": 0.5725190043449402,
        "top30_ratio": 0.8401368260383606,
        "G_svd_energy": 33401.69921875
      },
      "G_svd_run": {
        "top10_ratio": 0.5696412324905396,
        "top30_ratio": 0.8327149152755737,
        "G_svd_energy": 27418.90234375
      },
      "G_svd_red": {
        "top10_ratio": 0.5638712644577026,
        "top30_ratio": 0.8134823441505432,
        "G_svd_energy": 23467.09375
      },
      "G_svd_the": {
        "top10_ratio": 0.5517367124557495,
        "top30_ratio": 0.8013326525688171,
        "G_svd_energy": 28635.6484375
      }
    },
    "L35": {
      "layer": 35,
      "word_G_norms": {
        "apple": 622.8711547851562,
        "banana": 624.7262573242188,
        "orange": 629.6434936523438,
        "cat": 614.8665771484375,
        "dog": 627.8231201171875,
        "car": 642.7034912109375,
        "run": 662.2030639648438,
        "red": 670.2003173828125,
        "the": 672.7921142578125
      },
      "word_logit_G_norms": {
        "apple": 6332.3349609375,
        "banana": 6088.39697265625,
        "orange": 5953.97705078125,
        "cat": 5881.07666015625,
        "dog": 6013.18994140625,
        "car": 6030.9091796875,
        "run": 7094.23828125,
        "red": 9267.3076171875,
        "the": 7158.28564453125
      },
      "logit_G_cosine_matrix": {
        "words": [
          "apple",
          "banana",
          "orange",
          "cat",
          "dog",
          "car",
          "run",
          "red",
          "the"
        ],
        "matrix": [
          [
            1.0000014305114746,
            0.9652401208877563,
            0.8713830709457397,
            0.9169484972953796,
            0.914641797542572,
            0.7880691289901733,
            0.5322256088256836,
            0.23969592154026031,
            0.5038406252861023
          ],
          [
            0.9652401208877563,
            1.000002145767212,
            0.898496150970459,
            0.9134584665298462,
            0.9084014892578125,
            0.8237011432647705,
            0.6066547632217407,
            0.3411385416984558,
            0.5789023041725159
          ],
          [
            0.8713830709457397,
            0.898496150970459,
            1.000001072883606,
            0.9175284504890442,
            0.8903953433036804,
            0.92535001039505,
            0.8192465305328369,
            0.6195042133331299,
            0.7811138033866882
          ],
          [
            0.9169484972953796,
            0.9134584665298462,
            0.9175284504890442,
            1.0000019073486328,
            0.956904411315918,
            0.8895769119262695,
            0.6961159706115723,
            0.4471009373664856,
            0.6595568060874939
          ],
          [
            0.914641797542572,
            0.9084014892578125,
            0.8903953433036804,
            0.956904411315918,
            1.0000009536743164,
            0.8653481602668762,
            0.6586088538169861,
            0.4029390215873718,
            0.6282216906547546
          ],
          [
            0.7880691289901733,
            0.8237011432647705,
            0.92535001039505,
            0.8895769119262695,
            0.8653481602668762,
            1.0000008344650269,
            0.8630766272544861,
            0.6706441640853882,
            0.8020126819610596
          ],
          [
            0.5322256088256836,
            0.6066547632217407,
            0.8192465305328369,
            0.6961159706115723,
            0.6586088538169861,
            0.8630766272544861,
            0.9999991655349731,
            0.8851664662361145,
            0.9168436527252197
          ],
          [
            0.23969592154026031,
            0.3411385416984558,
            0.6195042133331299,
            0.4471009373664856,
            0.4029390215873718,
            0.6706441640853882,
            0.8851664662361145,
            1.000000238418579,
            0.8818746209144592
          ],
          [
            0.5038406252861023,
            0.5789023041725159,
            0.7811138033866882,
            0.6595568060874939,
            0.6282216906547546,
            0.8020126819610596,
            0.9168436527252197,
            0.8818746209144592,
            0.9999997019767761
          ]
        ]
      },
      "logit_G_pca_dims": {
        "dim_95": 6,
        "dim_99": 8,
        "top1_var": 0.7482702136039734
      },
      "semantic_grammar_efficiency": {
        "same_family_cos_mean": 0.9652401208877563,
        "cross_family_cos_mean": 0.8525088131427765,
        "cross_grammar_cos_mean": 0.38596076518297195,
        "function_word_cos_mean": 0.5038406252861023,
        "semantic_separation": -0.11273130774497986
      },
      "G_svd_apple": {
        "top10_ratio": 0.6633093953132629,
        "top30_ratio": 0.8786739706993103,
        "G_svd_energy": 71723.7265625
      },
      "G_svd_banana": {
        "top10_ratio": 0.6389451622962952,
        "top30_ratio": 0.8805015683174133,
        "G_svd_energy": 72115.84375
      },
      "G_svd_orange": {
        "top10_ratio": 0.6318771839141846,
        "top30_ratio": 0.8561084866523743,
        "G_svd_energy": 69394.5
      },
      "G_svd_cat": {
        "top10_ratio": 0.6615616679191589,
        "top30_ratio": 0.8799183368682861,
        "G_svd_energy": 65068.31640625
      },
      "G_svd_dog": {
        "top10_ratio": 0.6553976535797119,
        "top30_ratio": 0.871512770652771,
        "G_svd_energy": 67769.484375
      },
      "G_svd_car": {
        "top10_ratio": 0.5967267751693726,
        "top30_ratio": 0.8539659380912781,
        "G_svd_energy": 68419.03125
      },
      "G_svd_run": {
        "top10_ratio": 0.5700690746307373,
        "top30_ratio": 0.8319759368896484,
        "G_svd_energy": 75885.703125
      },
      "G_svd_red": {
        "top10_ratio": 0.5726544260978699,
        "top30_ratio": 0.8464428186416626,
        "G_svd_energy": 71454.875
      },
      "G_svd_the": {
        "top10_ratio": 0.5589883327484131,
        "top30_ratio": 0.8095979690551758,
        "G_svd_energy": 83252.59375
      }
    }
  },
  "P689": {
    "L1": {
      "layer": 1,
      "word_top_logit_words": {
        "apple": [
          {
            "word": " ped",
            "logit_contribution": 5.005610942840576
          },
          {
            "word": "yers",
            "logit_contribution": 4.733999252319336
          },
          {
            "word": "venting",
