{
  "model": "glm4",
  "model_info": {
    "class": "GlmForCausalLM",
    "n_layers": 40,
    "d_model": 4096,
    "d_mlp": 13696,
    "vocab_size": 151552,
    "mlp_type": "merged_gate_up"
  },
  "timestamp": "2026-04-15 21:36:11",
  "P688": {
    "L0": {
      "layer": 0,
      "word_G_norms": {
        "apple": 0.00832478329539299,
        "banana": 0.00832478329539299,
        "orange": 0.00832478329539299,
        "cat": 0.00832478329539299,
        "dog": 0.00832478329539299,
        "car": 0.00832478329539299,
        "run": 0.00832478329539299,
        "red": 0.00832478329539299,
        "the": 0.00832478329539299
      },
      "word_logit_G_norms": {
        "apple": 0.09071855992078781,
        "banana": 0.09071855992078781,
        "orange": 0.09071855992078781,
        "cat": 0.09071855992078781,
        "dog": 0.09071855992078781,
        "car": 0.09071855992078781,
        "run": 0.09071855992078781,
        "red": 0.09071855992078781,
        "the": 0.09071855992078781
      },
      "logit_G_cosine_matrix": {
        "words": [
          "apple",
          "banana",
          "orange",
          "cat",
          "dog",
          "car",
          "run",
          "red",
          "the"
        ],
        "matrix": [
          [
            1.0000004768371582,
            1.0000004768371582,
            1.0000004768371582,
            1.0000004768371582,
            1.0000004768371582,
            1.0000004768371582,
            1.0000004768371582,
            1.0000004768371582,
            1.0000004768371582
          ],
          [
            1.0000004768371582,
            1.0000004768371582,
            1.0000004768371582,
            1.0000004768371582,
            1.0000004768371582,
            1.0000004768371582,
            1.0000004768371582,
            1.0000004768371582,
            1.0000004768371582
          ],
          [
            1.0000004768371582,
            1.0000004768371582,
            1.0000004768371582,
            1.0000004768371582,
            1.0000004768371582,
            1.0000004768371582,
            1.0000004768371582,
            1.0000004768371582,
            1.0000004768371582
          ],
          [
            1.0000004768371582,
            1.0000004768371582,
            1.0000004768371582,
            1.0000004768371582,
            1.0000004768371582,
            1.0000004768371582,
            1.0000004768371582,
            1.0000004768371582,
            1.0000004768371582
          ],
          [
            1.0000004768371582,
            1.0000004768371582,
            1.0000004768371582,
            1.0000004768371582,
            1.0000004768371582,
            1.0000004768371582,
            1.0000004768371582,
            1.0000004768371582,
            1.0000004768371582
          ],
          [
            1.0000004768371582,
            1.0000004768371582,
            1.0000004768371582,
            1.0000004768371582,
            1.0000004768371582,
            1.0000004768371582,
            1.0000004768371582,
            1.0000004768371582,
            1.0000004768371582
          ],
          [
            1.0000004768371582,
            1.0000004768371582,
            1.0000004768371582,
            1.0000004768371582,
            1.0000004768371582,
            1.0000004768371582,
            1.0000004768371582,
            1.0000004768371582,
            1.0000004768371582
          ],
          [
            1.0000004768371582,
            1.0000004768371582,
            1.0000004768371582,
            1.0000004768371582,
            1.0000004768371582,
            1.0000004768371582,
            1.0000004768371582,
            1.0000004768371582,
            1.0000004768371582
          ],
          [
            1.0000004768371582,
            1.0000004768371582,
            1.0000004768371582,
            1.0000004768371582,
            1.0000004768371582,
            1.0000004768371582,
            1.0000004768371582,
            1.0000004768371582,
            1.0000004768371582
          ]
        ]
      },
      "logit_G_pca_dims": {
        "dim_95": 1,
        "dim_99": 1,
        "top1_var": 1.0
      },
      "semantic_grammar_efficiency": {
        "same_family_cos_mean": 1.0000004768371582,
        "cross_family_cos_mean": 1.0000004768371582,
        "cross_grammar_cos_mean": 1.0000004768371582,
        "function_word_cos_mean": 1.0000004768371582,
        "semantic_separation": 0.0
      },
      "G_svd_apple": {
        "top10_ratio": 0.7429133057594299,
        "top30_ratio": 0.9139253497123718,
        "G_svd_energy": 1.284545760427136e-05
      },
      "G_svd_banana": {
        "top10_ratio": 0.7429133057594299,
        "top30_ratio": 0.9139253497123718,
        "G_svd_energy": 1.284545760427136e-05
      },
      "G_svd_orange": {
        "top10_ratio": 0.7429133057594299,
        "top30_ratio": 0.9139253497123718,
        "G_svd_energy": 1.284545760427136e-05
      },
      "G_svd_cat": {
        "top10_ratio": 0.7429133057594299,
        "top30_ratio": 0.9139253497123718,
        "G_svd_energy": 1.284545760427136e-05
      },
      "G_svd_dog": {
        "top10_ratio": 0.7429133057594299,
        "top30_ratio": 0.9139253497123718,
        "G_svd_energy": 1.284545760427136e-05
      },
      "G_svd_car": {
        "top10_ratio": 0.7429133057594299,
        "top30_ratio": 0.9139253497123718,
        "G_svd_energy": 1.284545760427136e-05
      },
      "G_svd_run": {
        "top10_ratio": 0.7429133057594299,
        "top30_ratio": 0.9139253497123718,
        "G_svd_energy": 1.284545760427136e-05
      },
      "G_svd_red": {
        "top10_ratio": 0.7429133057594299,
        "top30_ratio": 0.9139253497123718,
        "G_svd_energy": 1.284545760427136e-05
      },
      "G_svd_the": {
        "top10_ratio": 0.7429133057594299,
        "top30_ratio": 0.9139253497123718,
        "G_svd_energy": 1.284545760427136e-05
      }
    },
    "L1": {
      "layer": 1,
      "word_G_norms": {
        "apple": 0.02283450774848461,
        "banana": 0.022510197013616562,
        "orange": 0.022781645879149437,
        "cat": 0.02247367985546589,
        "dog": 0.023058053106069565,
        "car": 0.023268714547157288,
        "run": 0.023106582462787628,
        "red": 0.02276601642370224,
        "the": 0.02264063060283661
      },
      "word_logit_G_norms": {
        "apple": 0.20194360613822937,
        "banana": 0.20245112478733063,
        "orange": 0.20428584516048431,
        "cat": 0.19430837035179138,
        "dog": 0.20549970865249634,
        "car": 0.2041463702917099,
        "run": 0.199140727519989,
        "red": 0.1996527761220932,
        "the": 0.16708500683307648
      },
      "logit_G_cosine_matrix": {
        "words": [
          "apple",
          "banana",
          "orange",
          "cat",
          "dog",
          "car",
          "run",
          "red",
          "the"
        ],
        "matrix": [
          [
            1.0,
            0.9989559650421143,
            0.9988311529159546,
            0.9985688924789429,
            0.9988589286804199,
            0.9984298944473267,
            0.9968982934951782,
            0.9977872371673584,
            0.9601330757141113
          ],
          [
            0.9989559650421143,
            1.0000001192092896,
            0.9985199570655823,
            0.9979029297828674,
            0.9984750151634216,
            0.9977240562438965,
            0.9954712390899658,
            0.9967801570892334,
            0.9591549634933472
          ],
          [
            0.9988311529159546,
            0.9985199570655823,
            0.9999996423721313,
            0.9982402324676514,
            0.9985157251358032,
            0.9979618787765503,
            0.9970289468765259,
            0.9984266757965088,
            0.9631672501564026
          ],
          [
            0.9985688924789429,
            0.9979029297828674,
            0.9982402324676514,
            0.9999999403953552,
            0.9984588623046875,
            0.9982646107673645,
            0.9965487718582153,
            0.9982361197471619,
            0.9642049074172974
          ],
          [
            0.9988589286804199,
            0.9984750151634216,
            0.9985157251358032,
            0.9984588623046875,
            1.0000003576278687,
            0.9989582300186157,
            0.9964463114738464,
            0.9976202249526978,
            0.9601328372955322
          ],
          [
            0.9984298944473267,
            0.9977240562438965,
            0.9979618787765503,
            0.9982646107673645,
            0.9989582300186157,
            0.999999463558197,
            0.9959778785705566,
            0.997314989566803,
            0.9594739675521851
          ],
          [
            0.9968982934951782,
            0.9954712390899658,
            0.9970289468765259,
            0.9965487718582153,
            0.9964463114738464,
            0.9959778785705566,
            0.9999998211860657,
            0.9964900016784668,
            0.9658198356628418
          ],
          [
            0.9977872371673584,
            0.9967801570892334,
            0.9984266757965088,
            0.9982361197471619,
            0.9976202249526978,
            0.997314989566803,
            0.9964900016784668,
            1.0000001192092896,
            0.9664086699485779
          ],
          [
            0.9601330757141113,
            0.9591549634933472,
            0.9631672501564026,
            0.9642049074172974,
            0.9601328372955322,
            0.9594739675521851,
            0.9658198356628418,
            0.9664086699485779,
            0.9999995827674866
          ]
        ]
      },
      "logit_G_pca_dims": {
        "dim_95": 5,
        "dim_99": 7,
        "top1_var": 0.8207314014434814
      },
      "semantic_grammar_efficiency": {
        "same_family_cos_mean": 0.9989559650421143,
        "cross_family_cos_mean": 0.9984993934631348,
        "cross_grammar_cos_mean": 0.9973427653312683,
        "function_word_cos_mean": 0.9601330757141113,
        "semantic_separation": -0.0004565715789794922
      },
      "G_svd_apple": {
        "top10_ratio": 0.7962474226951599,
        "top30_ratio": 0.9264857172966003,
        "G_svd_energy": 5.9933718148386106e-05
      },
      "G_svd_banana": {
        "top10_ratio": 0.7989564538002014,
        "top30_ratio": 0.9274490475654602,
        "G_svd_energy": 5.8860485296463594e-05
      },
      "G_svd_orange": {
        "top10_ratio": 0.7967002987861633,
        "top30_ratio": 0.9277466535568237,
        "G_svd_energy": 6.154993752716109e-05
      },
      "G_svd_cat": {
        "top10_ratio": 0.7868757843971252,
        "top30_ratio": 0.9213889241218567,
        "G_svd_energy": 5.515805241884664e-05
      },
      "G_svd_dog": {
        "top10_ratio": 0.8003668785095215,
        "top30_ratio": 0.9309757351875305,
        "G_svd_energy": 6.273674807744101e-05
      },
      "G_svd_car": {
        "top10_ratio": 0.794424295425415,
        "top30_ratio": 0.929180920124054,
        "G_svd_energy": 6.044858309905976e-05
      },
      "G_svd_run": {
        "top10_ratio": 0.7884541153907776,
        "top30_ratio": 0.9263483285903931,
        "G_svd_energy": 6.141399353509769e-05
      },
      "G_svd_red": {
        "top10_ratio": 0.795520007610321,
        "top30_ratio": 0.9253239631652832,
        "G_svd_energy": 5.941678682575002e-05
      },
      "G_svd_the": {
        "top10_ratio": 0.7227604985237122,
        "top30_ratio": 0.9167112112045288,
        "G_svd_energy": 3.707279756781645e-05
      }
    },
    "L2": {
      "layer": 2,
      "word_G_norms": {
        "apple": 0.04082260653376579,
        "banana": 0.04030052572488785,
        "orange": 0.04054219275712967,
        "cat": 0.04155931621789932,
        "dog": 0.04057160019874573,
        "car": 0.039996493607759476,
        "run": 0.04108748212456703,
        "red": 0.040356945246458054,
        "the": 0.0399879552423954
      },
      "word_logit_G_norms": {
        "apple": 0.22575701773166656,
        "banana": 0.23797839879989624,
        "orange": 0.22893117368221283,
        "cat": 0.18896153569221497,
        "dog": 0.21481114625930786,
        "car": 0.19751021265983582,
        "run": 0.22853906452655792,
        "red": 0.2175501435995102,
        "the": 0.1688394397497177
      },
      "logit_G_cosine_matrix": {
        "words": [
          "apple",
          "banana",
          "orange",
          "cat",
          "dog",
          "car",
          "run",
          "red",
          "the"
        ],
        "matrix": [
          [
            0.9999995231628418,
            0.9890222549438477,
            0.9898759722709656,
            0.886614203453064,
            0.9787240028381348,
            0.9687294960021973,
            0.9792895913124084,
            0.983609139919281,
            0.7201920747756958
          ],
          [
            0.9890222549438477,
            1.0000001192092896,
            0.9867082834243774,
            0.8655713796615601,
            0.9720495939254761,
            0.9537529945373535,
            0.9742128849029541,
            0.975566565990448,
            0.6815610527992249
          ],
          [
            0.9898759722709656,
            0.9867082834243774,
            0.9999995231628418,
            0.8710359334945679,
            0.974671483039856,
            0.9595241546630859,
            0.9787996411323547,
            0.9876500964164734,
            0.716732382774353
          ],
          [
            0.886614203453064,
            0.8655713796615601,
            0.8710359334945679,
            0.9999998807907104,
            0.9063717126846313,
            0.9293304681777954,
            0.8812485933303833,
            0.8951614499092102,
            0.7849521636962891
          ],
          [
            0.9787240028381348,
            0.9720495939254761,
            0.974671483039856,
            0.9063717126846313,
            1.0,
            0.9740662574768066,
            0.9730114936828613,
            0.9764120578765869,
            0.7436856627464294
          ],
          [
            0.9687294960021973,
            0.9537529945373535,
            0.9595241546630859,
            0.9293304681777954,
            0.9740662574768066,
            0.9999998807907104,
            0.9636073708534241,
            0.9683510065078735,
            0.7905492186546326
          ],
          [
            0.9792895913124084,
            0.9742128849029541,
            0.9787996411323547,
            0.8812485933303833,
            0.9730114936828613,
            0.9636073708534241,
            0.9999992847442627,
            0.9800953269004822,
            0.7310687303543091
          ],
          [
            0.983609139919281,
            0.975566565990448,
            0.9876500964164734,
            0.8951614499092102,
            0.9764120578765869,
            0.9683510065078735,
            0.9800953269004822,
            1.0000005960464478,
            0.7489861249923706
          ],
          [
            0.7201920747756958,
            0.6815610527992249,
            0.716732382774353,
            0.7849521636962891,
            0.7436856627464294,
            0.7905492186546326,
            0.7310687303543091,
            0.7489861249923706,
            0.9999997615814209
          ]
        ]
      },
      "logit_G_pca_dims": {
        "dim_95": 5,
        "dim_99": 8,
        "top1_var": 0.6467705965042114
      },
      "semantic_grammar_efficiency": {
        "same_family_cos_mean": 0.9890222549438477,
        "cross_family_cos_mean": 0.9276718497276306,
        "cross_grammar_cos_mean": 0.9814493656158447,
        "function_word_cos_mean": 0.7201920747756958,
        "semantic_separation": -0.06135040521621704
      },
      "G_svd_apple": {
        "top10_ratio": 0.5669979453086853,
        "top30_ratio": 0.8404078483581543,
        "G_svd_energy": 7.970541628310457e-05
      },
      "G_svd_banana": {
        "top10_ratio": 0.5718889832496643,
        "top30_ratio": 0.83808833360672,
        "G_svd_energy": 9.193236473947763e-05
      },
      "G_svd_orange": {
        "top10_ratio": 0.5561609268188477,
        "top30_ratio": 0.8476566076278687,
        "G_svd_energy": 8.12161379144527e-05
      },
      "G_svd_cat": {
        "top10_ratio": 0.4689013957977295,
        "top30_ratio": 0.7854465842247009,
        "G_svd_energy": 5.675596185028553e-05
      },
      "G_svd_dog": {
        "top10_ratio": 0.5321589112281799,
        "top30_ratio": 0.8341507911682129,
        "G_svd_energy": 6.7955392296426e-05
      },
      "G_svd_car": {
        "top10_ratio": 0.5283722877502441,
        "top30_ratio": 0.8317491412162781,
        "G_svd_energy": 6.706606654915959e-05
      },
      "G_svd_run": {
        "top10_ratio": 0.5775243639945984,
        "top30_ratio": 0.8559876084327698,
        "G_svd_energy": 8.242388867074624e-05
      },
      "G_svd_red": {
        "top10_ratio": 0.5447521209716797,
        "top30_ratio": 0.8375805616378784,
        "G_svd_energy": 7.572161121061072e-05
      },
      "G_svd_the": {
        "top10_ratio": 0.39517346024513245,
        "top30_ratio": 0.752679705619812,
        "G_svd_energy": 4.4395030272426084e-05
      }
    },
    "L3": {
      "layer": 3,
      "word_G_norms": {
        "apple": 0.05429825186729431,
        "banana": 0.05521801859140396,
        "orange": 0.05425816774368286,
        "cat": 0.053720321506261826,
        "dog": 0.054109133780002594,
        "car": 0.05416123569011688,
        "run": 0.053543806076049805,
        "red": 0.05425697937607765,
        "the": 0.05598745122551918
      },
      "word_logit_G_norms": {
        "apple": 0.24802285432815552,
        "banana": 0.25912711024284363,
        "orange": 0.2562102675437927,
        "cat": 0.22741666436195374,
        "dog": 0.2464941442012787,
        "car": 0.24202598631381989,
        "run": 0.2384546548128128,
        "red": 0.24769237637519836,
        "the": 0.3149945139884949
      },
      "logit_G_cosine_matrix": {
        "words": [
          "apple",
          "banana",
          "orange",
          "cat",
          "dog",
          "car",
          "run",
          "red",
          "the"
        ],
        "matrix": [
          [
            1.0000004768371582,
            0.9794361591339111,
            0.9746869802474976,
            0.8706851005554199,
            0.9717303514480591,
            0.9658932685852051,
            0.9423012733459473,
            0.967774510383606,
            0.7710539698600769
          ],
          [
            0.9794361591339111,
            0.9999995231628418,
            0.9686206579208374,
            0.8478795289993286,
            0.9627318978309631,
            0.952264666557312,
            0.9179154634475708,
            0.949356734752655,
            0.786566436290741
          ],
          [
            0.9746869802474976,
            0.9686206579208374,
            0.9999996423721313,
            0.8284111022949219,
            0.962224543094635,
            0.9376220107078552,
            0.939787745475769,
            0.9798311591148376,
            0.8054150342941284
          ],
          [
            0.8706851005554199,
            0.8478795289993286,
            0.8284111022949219,
            0.9999992847442627,
            0.8792272806167603,
            0.9055955410003662,
            0.8539718389511108,
            0.8608106374740601,
            0.5960707664489746
          ],
          [
            0.9717303514480591,
            0.9627318978309631,
            0.962224543094635,
            0.8792272806167603,
            1.0000001192092896,
            0.9668112993240356,
            0.9443992972373962,
            0.9623829126358032,
            0.7653213739395142
          ],
          [
            0.9658932685852051,
            0.952264666557312,
            0.9376220107078552,
            0.9055955410003662,
            0.9668112993240356,
            1.0000001192092896,
            0.9291055798530579,
            0.9463561773300171,
            0.7456116676330566
          ],
          [
            0.9423012733459473,
            0.9179154634475708,
            0.939787745475769,
            0.8539718389511108,
            0.9443992972373962,
            0.9291055798530579,
            0.9999999403953552,
            0.9547020196914673,
            0.73936927318573
          ],
          [
            0.967774510383606,
            0.949356734752655,
            0.9798311591148376,
            0.8608106374740601,
            0.9623829126358032,
            0.9463561773300171,
            0.9547020196914673,
            1.0000001192092896,
            0.7819216251373291
          ],
          [
            0.7710539698600769,
            0.786566436290741,
            0.8054150342941284,
            0.5960707664489746,
            0.7653213739395142,
            0.7456116676330566,
            0.73936927318573,
            0.7819216251373291,
            0.9999998807907104
          ]
        ]
      },
      "logit_G_pca_dims": {
        "dim_95": 6,
        "dim_99": 8,
        "top1_var": 0.5151325464248657
      },
      "semantic_grammar_efficiency": {
        "same_family_cos_mean": 0.9794361591339111,
        "cross_family_cos_mean": 0.9182891845703125,
        "cross_grammar_cos_mean": 0.9550378918647766,
        "function_word_cos_mean": 0.7710539698600769,
        "semantic_separation": -0.06114697456359863
      },
      "G_svd_apple": {
        "top10_ratio": 0.43100252747535706,
        "top30_ratio": 0.8139040470123291,
        "G_svd_energy": 0.0001195427612401545
      },
      "G_svd_banana": {
        "top10_ratio": 0.4563156068325043,
        "top30_ratio": 0.8032608032226562,
        "G_svd_energy": 0.00012040940782753751
      },
      "G_svd_orange": {
        "top10_ratio": 0.45527946949005127,
        "top30_ratio": 0.813025951385498,
        "G_svd_energy": 0.00012500541924964637
      },
      "G_svd_cat": {
        "top10_ratio": 0.3993885815143585,
        "top30_ratio": 0.7761980891227722,
        "G_svd_energy": 9.193015284836292e-05
      },
      "G_svd_dog": {
        "top10_ratio": 0.42588794231414795,
        "top30_ratio": 0.7943457961082458,
        "G_svd_energy": 0.00011748426186386496
      },
      "G_svd_car": {
        "top10_ratio": 0.43565183877944946,
        "top30_ratio": 0.7883704900741577,
        "G_svd_energy": 0.00010757875861600041
      },
      "G_svd_run": {
        "top10_ratio": 0.4578225016593933,
        "top30_ratio": 0.8083625435829163,
        "G_svd_energy": 0.00010428739187773317
      },
      "G_svd_red": {
        "top10_ratio": 0.44998428225517273,
        "top30_ratio": 0.8084410429000854,
        "G_svd_energy": 0.00011705466749845073
      },
      "G_svd_the": {
        "top10_ratio": 0.5718560218811035,
        "top30_ratio": 0.8440816402435303,
        "G_svd_energy": 0.00016245334700215608
      }
    },
    "L20": {
      "layer": 20,
      "word_G_norms": {
        "apple": 1.2228138446807861,
        "banana": 1.1902570724487305,
        "orange": 1.1318464279174805,
        "cat": 1.2245142459869385,
        "dog": 1.203391432762146,
        "car": 1.2289907932281494,
        "run": 1.1906726360321045,
        "red": 1.0435411930084229,
        "the": 1.2036423683166504
      },
      "word_logit_G_norms": {
        "apple": 12.382550239562988,
        "banana": 11.696507453918457,
        "orange": 10.678403854370117,
        "cat": 11.817605018615723,
        "dog": 11.539295196533203,
        "car": 12.396391868591309,
        "run": 11.067541122436523,
        "red": 9.26150131225586,
        "the": 11.638315200805664
      },
      "logit_G_cosine_matrix": {
        "words": [
          "apple",
          "banana",
          "orange",
          "cat",
          "dog",
          "car",
          "run",
          "red",
          "the"
        ],
        "matrix": [
          [
            0.9999994039535522,
            0.9955195188522339,
            0.9922119975090027,
            0.9943994283676147,
            0.9938308000564575,
            0.9931413531303406,
            0.9857459664344788,
            0.9634054899215698,
            0.951964259147644
          ],
          [
            0.9955195188522339,
            0.9999998807907104,
            0.9934099316596985,
            0.9891341924667358,
            0.9887825846672058,
            0.9890722036361694,
            0.9807906746864319,
            0.9624547958374023,
            0.9520897269248962
          ],
          [
            0.9922119975090027,
            0.9934099316596985,
            1.0,
            0.9880737066268921,
            0.988683819770813,
            0.9882493019104004,
            0.9833471179008484,
            0.9675138592720032,
            0.9506596922874451
          ],
          [
            0.9943994283676147,
            0.9891341924667358,
            0.9880737066268921,
            1.0000005960464478,
            0.9970405697822571,
            0.9916901588439941,
            0.98485267162323,
            0.9636157751083374,
            0.9456481337547302
          ],
          [
            0.9938308000564575,
            0.9887825846672058,
            0.988683819770813,
            0.9970405697822571,
            1.0000005960464478,
            0.9921477437019348,
            0.9871578812599182,
            0.9670886397361755,
            0.9479305744171143
          ],
          [
            0.9931413531303406,
            0.9890722036361694,
            0.9882493019104004,
            0.9916901588439941,
            0.9921477437019348,
            0.9999998807907104,
            0.9903774261474609,
            0.9583835601806641,
            0.9551398754119873
          ],
          [
            0.9857459664344788,
            0.9807906746864319,
            0.9833471179008484,
            0.98485267162323,
            0.9871578812599182,
            0.9903774261474609,
            0.9999995827674866,
            0.9549862146377563,
            0.9446169137954712
          ],
          [
            0.9634054899215698,
            0.9624547958374023,
            0.9675138592720032,
            0.9636157751083374,
            0.9670886397361755,
            0.9583835601806641,
            0.9549862146377563,
            0.9999992251396179,
            0.9347010850906372
          ],
          [
            0.951964259147644,
            0.9520897269248962,
            0.9506596922874451,
            0.9456481337547302,
            0.9479305744171143,
            0.9551398754119873,
            0.9446169137954712,
            0.9347010850906372,
            0.9999996423721313
          ]
        ]
      },
      "logit_G_pca_dims": {
        "dim_95": 6,
        "dim_99": 8,
        "top1_var": 0.4104965627193451
      },
      "semantic_grammar_efficiency": {
        "same_family_cos_mean": 0.9955195188522339,
        "cross_family_cos_mean": 0.9937703907489777,
        "cross_grammar_cos_mean": 0.9745757281780243,
        "function_word_cos_mean": 0.951964259147644,
        "semantic_separation": -0.0017491281032562256
      },
      "G_svd_apple": {
        "top10_ratio": 0.8403010368347168,
        "top30_ratio": 0.9618578553199768,
        "G_svd_energy": 0.28492289781570435
      },
      "G_svd_banana": {
        "top10_ratio": 0.8285794854164124,
        "top30_ratio": 0.9569907784461975,
        "G_svd_energy": 0.26659682393074036
      },
      "G_svd_orange": {
        "top10_ratio": 0.8363062739372253,
        "top30_ratio": 0.956365704536438,
        "G_svd_energy": 0.21525982022285461
      },
      "G_svd_cat": {
        "top10_ratio": 0.8316503167152405,
        "top30_ratio": 0.9548667073249817,
        "G_svd_energy": 0.250500351190567
      },
      "G_svd_dog": {
        "top10_ratio": 0.82989901304245,
        "top30_ratio": 0.9585358500480652,
        "G_svd_energy": 0.23894430696964264
      },
      "G_svd_car": {
        "top10_ratio": 0.832711935043335,
        "top30_ratio": 0.9620101451873779,
        "G_svd_energy": 0.2742577791213989
      },
      "G_svd_run": {
        "top10_ratio": 0.8194857239723206,
        "top30_ratio": 0.9549753069877625,
        "G_svd_energy": 0.21475647389888763
      },
      "G_svd_red": {
        "top10_ratio": 0.8178524374961853,
        "top30_ratio": 0.9491146802902222,
        "G_svd_energy": 0.16524335741996765
      },
      "G_svd_the": {
        "top10_ratio": 0.7802345156669617,
        "top30_ratio": 0.9453549981117249,
        "G_svd_energy": 0.26668742299079895
      }
    },
    "L38": {
      "layer": 38,
      "word_G_norms": {
        "apple": 23.014108657836914,
        "banana": 24.803714752197266,
        "orange": 23.731739044189453,
        "cat": 23.361019134521484,
        "dog": 22.66175651550293,
        "car": 23.79597282409668,
        "run": 22.840885162353516,
        "red": 23.33061981201172,
        "the": 24.340423583984375
      },
      "word_logit_G_norms": {
        "apple": 284.4559631347656,
        "banana": 319.04766845703125,
        "orange": 312.1469421386719,
        "cat": 297.5973815917969,
        "dog": 289.1161193847656,
        "car": 300.0604553222656,
        "run": 283.95452880859375,
        "red": 301.1064453125,
        "the": 314.6289367675781
      },
      "logit_G_cosine_matrix": {
        "words": [
          "apple",
          "banana",
          "orange",
          "cat",
          "dog",
          "car",
          "run",
          "red",
          "the"
        ],
        "matrix": [
          [
            1.000000238418579,
            0.9976515769958496,
            0.9970079064369202,
            0.9976553320884705,
            0.9977798461914062,
            0.9969459772109985,
            0.9968177080154419,
            0.9914367198944092,
            0.9870234727859497
          ],
          [
            0.9976515769958496,
            0.9999992847442627,
            0.998073160648346,
            0.9967068433761597,
            0.9967865943908691,
            0.9959076642990112,
            0.9953038096427917,
            0.9921664595603943,
            0.9886892437934875
          ],
          [
            0.9970079064369202,
            0.998073160648346,
            0.9999994039535522,
            0.9964466094970703,
            0.9966511726379395,
            0.9959938526153564,
            0.9953515529632568,
            0.9934666156768799,
            0.9897197484970093
          ],
          [
            0.9976553320884705,
            0.9967068433761597,
            0.9964466094970703,
            0.9999992847442627,
            0.9986862540245056,
            0.9968602657318115,
            0.9962834119796753,
            0.992500364780426,
            0.9887353181838989
          ],
          [
            0.9977798461914062,
            0.9967865943908691,
            0.9966511726379395,
            0.9986862540245056,
            1.0,
            0.9972265958786011,
            0.9969275593757629,
            0.993317186832428,
            0.9889975190162659
          ],
          [
            0.9969459772109985,
            0.9959076642990112,
            0.9959938526153564,
            0.9968602657318115,
            0.9972265958786011,
            1.0000004768371582,
            0.997721791267395,
            0.9908212423324585,
            0.9899797439575195
          ],
          [
            0.9968177080154419,
            0.9953038096427917,
            0.9953515529632568,
            0.9962834119796753,
            0.9969275593757629,
            0.997721791267395,
            0.999999463558197,
            0.9914474487304688,
            0.988017201423645
          ],
          [
            0.9914367198944092,
            0.9921664595603943,
            0.9934666156768799,
            0.992500364780426,
            0.993317186832428,
            0.9908212423324585,
            0.9914474487304688,
            1.000000238418579,
            0.9868917465209961
          ],
          [
            0.9870234727859497,
            0.9886892437934875,
            0.9897197484970093,
            0.9887353181838989,
            0.9889975190162659,
            0.9899797439575195,
            0.988017201423645,
            0.9868917465209961,
            1.000000238418579
          ]
        ]
      },
      "logit_G_pca_dims": {
        "dim_95": 7,
        "dim_99": 8,
        "top1_var": 0.38075125217437744
      },
      "semantic_grammar_efficiency": {
        "same_family_cos_mean": 0.9976515769958496,
        "cross_family_cos_mean": 0.9973006546497345,
        "cross_grammar_cos_mean": 0.9941272139549255,
        "function_word_cos_mean": 0.9870234727859497,
        "semantic_separation": -0.0003509223461151123
      },
      "G_svd_apple": {
        "top10_ratio": 0.8238363862037659,
        "top30_ratio": 0.9534770250320435,
        "G_svd_energy": 198.0271453857422
      },
      "G_svd_banana": {
        "top10_ratio": 0.8283491730690002,
        "top30_ratio": 0.9573288559913635,
        "G_svd_energy": 236.12147521972656
      },
      "G_svd_orange": {
        "top10_ratio": 0.8284142017364502,
        "top30_ratio": 0.9564666748046875,
        "G_svd_energy": 222.139404296875
      },
      "G_svd_cat": {
        "top10_ratio": 0.8371772766113281,
        "top30_ratio": 0.9587540626525879,
        "G_svd_energy": 210.34490966796875
      },
      "G_svd_dog": {
        "top10_ratio": 0.8330428600311279,
        "top30_ratio": 0.9577540159225464,
        "G_svd_energy": 200.7276153564453
      },
      "G_svd_car": {
        "top10_ratio": 0.833134651184082,
        "top30_ratio": 0.9568899273872375,
        "G_svd_energy": 216.8890380859375
      },
      "G_svd_run": {
        "top10_ratio": 0.8252764344215393,
        "top30_ratio": 0.9554201364517212,
        "G_svd_energy": 202.25308227539062
      },
      "G_svd_red": {
        "top10_ratio": 0.8165804147720337,
        "top30_ratio": 0.9590363502502441,
        "G_svd_energy": 223.92860412597656
      },
      "G_svd_the": {
        "top10_ratio": 0.8485352993011475,
        "top30_ratio": 0.9602029919624329,
        "G_svd_energy": 222.75149536132812
      }
    },
    "L39": {
      "layer": 39,
      "word_G_norms": {
        "apple": 61.407222747802734,
        "banana": 70.09823608398438,
        "orange": 68.050537109375,
        "cat": 60.75074005126953,
        "dog": 59.868614196777344,
        "car": 66.0327377319336,
        "run": 60.794464111328125,
        "red": 62.11004638671875,
        "the": 64.82987213134766
      },
      "word_logit_G_norms": {
        "apple": 1006.2680053710938,
        "banana": 1138.51806640625,
        "orange": 1117.7529296875,
        "cat": 993.373291015625,
        "dog": 983.12646484375,
        "car": 1097.5015869140625,
        "run": 1008.2078247070312,
        "red": 968.201171875,
        "the": 1031.76318359375
      },
      "logit_G_cosine_matrix": {
        "words": [
          "apple",
          "banana",
          "orange",
          "cat",
          "dog",
          "car",
          "run",
          "red",
          "the"
        ],
        "matrix": [
          [
            1.0000003576278687,
            0.999657154083252,
            0.9996272325515747,
            0.9996485710144043,
            0.9996727705001831,
            0.9996020197868347,
            0.9995523691177368,
            0.9978873133659363,
            0.9979706406593323
          ],
          [
            0.999657154083252,
            1.000000238418579,
            0.999699592590332,
            0.9993981719017029,
            0.9994737505912781,
            0.9993754029273987,
            0.9992398023605347,
            0.9982060194015503,
            0.9980342388153076
          ],
          [
            0.9996272325515747,
            0.999699592590332,
            1.0000004768371582,
            0.999338686466217,
            0.9995229244232178,
            0.9993727803230286,
            0.9992775917053223,
            0.9983072280883789,
            0.997958242893219
          ],
          [
            0.9996485710144043,
            0.9993981719017029,
            0.999338686466217,
            0.999998927116394,
            0.9997551441192627,
            0.9995884895324707,
            0.9995138645172119,
            0.9976916313171387,
            0.9981430172920227
          ],
          [
            0.9996727705001831,
            0.9994737505912781,
            0.9995229244232178,
            0.9997551441192627,
            1.000000238418579,
            0.9996068477630615,
            0.99957275390625,
            0.9979143738746643,
            0.9981014728546143
          ],
          [
            0.9996020197868347,
            0.9993754029273987,
            0.9993727803230286,
            0.9995884895324707,
            0.9996068477630615,
            1.000000238418579,
            0.9997236728668213,
            0.9975364208221436,
            0.9983880519866943
          ],
          [
            0.9995523691177368,
            0.9992398023605347,
            0.9992775917053223,
            0.9995138645172119,
            0.99957275390625,
            0.9997236728668213,
            1.000000238418579,
            0.9974481463432312,
            0.9980308413505554
          ],
          [
            0.9978873133659363,
            0.9982060194015503,
            0.9983072280883789,
            0.9976916313171387,
            0.9979143738746643,
            0.9975364208221436,
            0.9974481463432312,
            1.000000238418579,
            0.9969393014907837
          ],
          [
            0.9979706406593323,
            0.9980342388153076,
            0.997958242893219,
            0.9981430172920227,
            0.9981014728546143,
            0.9983880519866943,
            0.9980308413505554,
            0.9969393014907837,
            0.9999998807907104
          ]
        ]
      },
      "logit_G_pca_dims": {
        "dim_95": 6,
        "dim_99": 8,
        "top1_var": 0.397469162940979
      },
      "semantic_grammar_efficiency": {
        "same_family_cos_mean": 0.999657154083252,
        "cross_family_cos_mean": 0.9996252954006195,
        "cross_grammar_cos_mean": 0.9987198412418365,
        "function_word_cos_mean": 0.9979706406593323,
        "semantic_separation": -3.185868263244629e-05
      },
      "G_svd_apple": {
        "top10_ratio": 0.8286858201026917,
        "top30_ratio": 0.9726167917251587,
        "G_svd_energy": 2313.830810546875
      },
      "G_svd_banana": {
        "top10_ratio": 0.8238512277603149,
        "top30_ratio": 0.9730797410011292,
        "G_svd_energy": 3017.8828125
      },
      "G_svd_orange": {
        "top10_ratio": 0.8283211588859558,
        "top30_ratio": 0.9725937247276306,
        "G_svd_energy": 2862.893798828125
      },
      "G_svd_cat": {
        "top10_ratio": 0.8275085091590881,
        "top30_ratio": 0.9734472036361694,
        "G_svd_energy": 2228.204833984375
      },
      "G_svd_dog": {
        "top10_ratio": 0.826850175857544,
        "top30_ratio": 0.9730812907218933,
        "G_svd_energy": 2176.2021484375
      },
      "G_svd_car": {
        "top10_ratio": 0.83006751537323,
        "top30_ratio": 0.9728173613548279,
        "G_svd_energy": 2704.344482421875
      },
      "G_svd_run": {
        "top10_ratio": 0.830792248249054,
        "top30_ratio": 0.9727329015731812,
        "G_svd_energy": 2270.67578125
      },
      "G_svd_red": {
        "top10_ratio": 0.8298864364624023,
        "top30_ratio": 0.9712884426116943,
        "G_svd_energy": 2336.1982421875
      },
      "G_svd_the": {
        "top10_ratio": 0.8185057044029236,
        "top30_ratio": 0.9693542718887329,
