{
  "model": "qwen3",
  "n_chains": 5,
  "chain_results": {
    "chain_0": {
      "chain": [
        "apple",
        "fruit",
        "food",
        "substance",
        "object"
      ],
      "delta_norms": {
        "level0_to_level1": {
          "0": 1.5402206182479858,
          "1": 2.114245653152466,
          "2": 2.5528836250305176,
          "3": 3.2033891677856445,
          "4": 4.4000325202941895,
          "5": 5.164768695831299,
          "6": 12.409461975097656,
          "7": 17.122802734375,
          "8": 22.244461059570312,
          "9": 24.78087043762207,
          "10": 22.61894989013672,
          "11": 22.452877044677734,
          "12": 22.99403190612793,
          "13": 22.9872989654541,
          "14": 24.556955337524414,
          "15": 25.272563934326172,
          "16": 25.11996078491211,
          "17": 25.86419105529785,
          "18": 27.243427276611328,
          "19": 29.49561882019043,
          "20": 31.003496170043945,
          "21": 32.50925827026367,
          "22": 33.99456024169922,
          "23": 41.3866081237793,
          "24": 53.42318344116211,
          "25": 59.449424743652344,
          "26": 68.58556365966797,
          "27": 75.8022689819336,
          "28": 85.80307006835938,
          "29": 104.45712280273438,
          "30": 124.981201171875,
          "31": 148.0809783935547,
          "32": 166.84561157226562,
          "33": 180.75839233398438,
          "34": 201.70205688476562,
          "35": 220.13088989257812
        },
        "level1_to_level2": {
          "0": 1.3559726476669312,
          "1": 2.2636308670043945,
          "2": 2.837495803833008,
          "3": 3.4329934120178223,
          "4": 4.361935615539551,
          "5": 5.211902141571045,
          "6": 13.279509544372559,
          "7": 17.289926528930664,
          "8": 23.208974838256836,
          "9": 28.05025291442871,
          "10": 30.880023956298828,
          "11": 28.435894012451172,
          "12": 30.25617790222168,
          "13": 32.168418884277344,
          "14": 33.757450103759766,
          "15": 35.28450393676758,
          "16": 36.2961540222168,
          "17": 38.80459976196289,
          "18": 42.20411682128906,
          "19": 46.9918327331543,
          "20": 48.49790954589844,
          "21": 51.55353927612305,
          "22": 54.517032623291016,
          "23": 68.19646453857422,
          "24": 89.39836120605469,
          "25": 101.57137298583984,
          "26": 117.73573303222656,
          "27": 133.0181427001953,
          "28": 156.48623657226562,
          "29": 200.1813201904297,
          "30": 238.14959716796875,
          "31": 272.6720886230469,
          "32": 302.5450744628906,
          "33": 326.7135009765625,
          "34": 358.0753479003906,
          "35": 382.305419921875
        },
        "level2_to_level3": {
          "0": 1.4141377210617065,
          "1": 2.5885541439056396,
          "2": 3.4164397716522217,
          "3": 4.26509428024292,
          "4": 5.890449047088623,
          "5": 7.607502460479736,
          "6": 16.192073822021484,
          "7": 21.09918785095215,
          "8": 31.70914077758789,
          "9": 31.749265670776367,
          "10": 33.929351806640625,
          "11": 32.130645751953125,
          "12": 34.97119903564453,
          "13": 36.52423858642578,
          "14": 37.14164733886719,
          "15": 38.29988098144531,
          "16": 39.08570098876953,
          "17": 41.888057708740234,
          "18": 45.749168395996094,
          "19": 49.86184310913086,
          "20": 51.209815979003906,
          "21": 53.48737716674805,
          "22": 57.034698486328125,
          "23": 74.13704681396484,
          "24": 99.1839828491211,
          "25": 112.78404235839844,
          "26": 130.1026153564453,
          "27": 148.84776306152344,
          "28": 177.38504028320312,
          "29": 214.3126220703125,
          "30": 257.8255615234375,
          "31": 293.0589599609375,
          "32": 321.5118408203125,
          "33": 349.3824462890625,
          "34": 385.5453796386719,
          "35": 439.2416687011719
        },
        "level3_to_level4": {
          "0": 1.5932155847549438,
          "1": 2.5516562461853027,
          "2": 3.7950146198272705,
          "3": 4.645139217376709,
          "4": 7.274115562438965,
          "5": 10.083597183227539,
          "6": 19.78217887878418,
          "7": 26.615154266357422,
          "8": 41.24163818359375,
          "9": 39.25538635253906,
          "10": 34.200687408447266,
          "11": 35.41693115234375,
          "12": 35.10375213623047,
          "13": 35.081817626953125,
          "14": 34.06177520751953,
          "15": 33.97502136230469,
          "16": 34.28427505493164,
          "17": 35.108436584472656,
          "18": 37.07858657836914,
          "19": 39.40497970581055,
          "20": 40.260501861572266,
          "21": 42.36454772949219,
          "22": 44.818965911865234,
          "23": 56.5776481628418,
          "24": 70.64787292480469,
          "25": 80.76388549804688,
          "26": 94.25852966308594,
          "27": 107.43791198730469,
          "28": 128.33126831054688,
          "29": 154.9583282470703,
          "30": 185.15150451660156,
          "31": 208.92636108398438,
          "32": 229.10073852539062,
          "33": 244.21656799316406,
          "34": 274.7913818359375,
          "35": 310.6640930175781
        }
      },
      "delta_cos_sample_layers": {
        "0": [
          [
            1.0,
            -0.3949902653694153,
            -0.07597062736749649,
            0.0568111315369606
          ],
          [
            -0.3949902653694153,
            0.9999999403953552,
            -0.39072737097740173,
            -0.20341455936431885
          ],
          [
            -0.07597062736749649,
            -0.39072737097740173,
            1.0,
            -0.2536715567111969
          ],
          [
            0.0568111315369606,
            -0.20341455936431885,
            -0.2536715567111969,
            1.0
          ]
        ],
        "5": [
          [
            1.0,
            -0.29423218965530396,
            0.19282037019729614,
            -0.08809317648410797
          ],
          [
            -0.29423218965530396,
            1.0000001192092896,
            -0.41109809279441833,
            0.10505405813455582
          ],
          [
            0.19282037019729614,
            -0.41109809279441833,
            1.0,
            -0.23239102959632874
          ],
          [
            -0.08809317648410797,
            0.10505405813455582,
            -0.23239102959632874,
            0.9999999403953552
          ]
        ],
        "10": [
          [
            0.9999999403953552,
            -0.25636202096939087,
            -0.024859847500920296,
            -0.03510667756199837
          ],
          [
            -0.25636202096939087,
            1.0,
            -0.6158067584037781,
            -0.016975563019514084
          ],
          [
            -0.024859847500920296,
            -0.6158067584037781,
            0.9999998807907104,
            -0.23113486170768738
          ],
          [
            -0.03510667756199837,
            -0.016975563019514084,
            -0.23113486170768738,
            0.9999998807907104
          ]
        ],
        "15": [
          [
            1.0,
            -0.25553205609321594,
            -0.0396072156727314,
            -0.09772419184446335
          ],
          [
            -0.25553205609321594,
            0.9999998807907104,
            -0.6956046223640442,
            -0.015309860929846764
          ],
          [
            -0.0396072156727314,
            -0.6956046223640442,
            1.0,
            -0.15710954368114471
          ],
          [
            -0.09772419184446335,
            -0.015309860929846764,
            -0.15710954368114471,
            1.0
          ]
        ],
        "20": [
          [
            0.9999999403953552,
            -0.2066928595304489,
            -0.03120102919638157,
            -0.10375835001468658
          ],
          [
            -0.2066928595304489,
            1.0000001192092896,
            -0.7400913238525391,
            -0.014922692440450191
          ],
          [
            -0.03120102919638157,
            -0.7400913238525391,
            1.0,
            -0.17639043927192688
          ],
          [
            -0.10375835001468658,
            -0.014922692440450191,
            -0.17639043927192688,
            1.0000001192092896
          ]
        ],
        "25": [
          [
            0.9999999403953552,
            -0.06654790788888931,
            -0.08107443153858185,
            -0.15798015892505646
          ],
          [
            -0.06654790788888931,
            1.0,
            -0.7643790245056152,
            -0.03785514459013939
          ],
          [
            -0.08107443153858185,
            -0.7643790245056152,
            1.0,
            -0.14509497582912445
          ],
          [
            -0.15798015892505646,
            -0.03785514459013939,
            -0.14509497582912445,
            0.9999999403953552
          ]
        ],
        "30": [
          [
            1.0,
            0.017138177528977394,
            -0.026721587404608727,
            -0.3163895905017853
          ],
          [
            0.017138177528977394,
            1.0,
            -0.7039389610290527,
            -0.04400595277547836
          ],
          [
            -0.026721587404608727,
            -0.7039389610290527,
            0.9999998807907104,
            -0.2588643729686737
          ],
          [
            -0.3163895905017853,
            -0.04400595277547836,
            -0.2588643729686737,
            1.0000001192092896
          ]
        ],
        "35": [
          [
            1.0,
            -0.02095012366771698,
            0.06431117653846741,
            -0.3304389715194702
          ],
          [
            -0.02095012366771698,
            1.0,
            -0.6983250975608826,
            0.016050541773438454
          ],
          [
            0.06431117653846741,
            -0.6983250975608826,
            1.0,
            -0.34844231605529785
          ],
          [
            -0.3304389715194702,
            0.016050541773438454,
            -0.34844231605529785,
            1.0
          ]
        ]
      },
      "level_distances_sample": {
        "0": {
          "L0_L1": 1.5402206182479858,
          "L0_L2": 1.6003340482711792,
          "L0_L3": 1.652709722518921,
          "L0_L4": 1.8779377937316895,
          "L1_L2": 1.3559726476669312,
          "L1_L3": 1.5297001600265503,
          "L1_L4": 1.6900784969329834,
          "L2_L3": 1.4141377210617065,
          "L2_L4": 1.8425700664520264,
          "L3_L4": 1.5932155847549438
        },
        "5": {
          "L0_L1": 5.164768695831299,
          "L0_L2": 6.16427755355835,
          "L0_L3": 8.855783462524414,
          "L0_L4": 12.096132278442383,
          "L1_L2": 5.211902141571045,
          "L1_L3": 7.241429805755615,
          "L1_L4": 11.380047798156738,
          "L2_L3": 7.607502460479736,
          "L2_L4": 11.130998611450195,
          "L3_L4": 10.083597183227539
        },
        "10": {
          "L0_L1": 22.61894989013672,
          "L0_L2": 33.272640228271484,
          "L0_L3": 30.491029739379883,
          "L0_L4": 38.37702941894531,
          "L1_L2": 30.880023956298828,
          "L1_L3": 28.537124633789062,
          "L1_L4": 37.5736198425293,
          "L2_L3": 33.929351806640625,
          "L2_L4": 42.24294662475586,
          "L3_L4": 34.200687408447266
        },
        "15": {
          "L0_L1": 25.272563934326172,
          "L0_L2": 37.788455963134766,
          "L0_L3": 30.628515243530273,
          "L0_L4": 38.4578742980957,
          "L1_L2": 35.28450393676758,
          "L1_L3": 28.84109878540039,
          "L1_L4": 39.24958801269531,
          "L2_L3": 38.29988098144531,
          "L2_L4": 47.03519058227539,
          "L3_L4": 33.97502136230469
        },
        "20": {
          "L0_L1": 31.003496170043945,
          "L0_L2": 51.881553649902344,
          "L0_L3": 39.229217529296875,
          "L0_L4": 45.991310119628906,
          "L1_L2": 48.49790954589844,
          "L1_L3": 36.03273391723633,
          "L1_L4": 46.19147491455078,
          "L2_L3": 51.209815979003906,
          "L2_L4": 59.295989990234375,
          "L3_L4": 40.260501861572266
        },
        "25": {
          "L0_L1": 59.449424743652344,
          "L0_L2": 114.22476959228516,
          "L0_L3": 84.66083526611328,
          "L0_L4": 94.38668060302734,
          "L1_L2": 101.57137298583984,
          "L1_L3": 74.32431030273438,
          "L1_L4": 93.71515655517578,
          "L2_L3": 112.78404235839844,
          "L2_L4": 128.83998107910156,
          "L3_L4": 80.76388549804688
        },
        "30": {
          "L0_L1": 124.981201171875,
          "L0_L2": 270.8426513671875,
          "L0_L3": 227.29379272460938,
          "L0_L4": 206.652587890625,
          "L1_L2": 238.14959716796875,
          "L1_L3": 191.68743896484375,
          "L1_L4": 205.98468017578125,
          "L2_L3": 257.8255615234375,
          "L2_L4": 275.7542419433594,
          "L3_L4": 185.15150451660156
        },
        "35": {
          "L0_L1": 220.13088989257812,
          "L0_L2": 437.1370544433594,
          "L0_L3": 402.4014587402344,
          "L0_L4": 349.23052978515625,
          "L1_L2": 382.305419921875,
          "L1_L3": 323.3558044433594,
          "L1_L4": 331.34466552734375,
          "L2_L3": 439.2416687011719,
          "L2_L4": 440.8525390625,
          "L3_L4": 310.6640930175781
        }
      },
      "layer_discrimination": {
        "0": 1.0000000362137418,
        "1": 0.9999999311770444,
        "2": 0.9999999302921603,
        "3": 1.0000000236019102,
        "4": 0.9999999950224319,
        "5": 0.999999955933931,
        "6": 0.9999999828940681,
        "7": 0.9999999322549251,
        "8": 0.9999999827169643,
        "9": 0.9999998476163796,
        "10": 0.9999998432040599,
        "11": 0.9999999054035028,
        "12": 0.9999999412830537,
        "13": 0.9999999405015898,
        "14": 0.9999999152319093,
        "15": 0.9999999866383807,
        "16": 1.0000000264179771,
        "17": 1.0000000691005417,
        "18": 0.9999999392542345,
        "19": 0.9999998588761847,
        "20": 0.9999999210168309,
        "21": 0.9999999113407131,
        "22": 0.9999998408592974,
        "23": 1.0000000157976394,
        "24": 0.9999999489453429,
        "25": 0.9999999926260332,
        "26": 0.9999998757250137,
        "27": 1.0000000396693054,
        "28": 0.9999998702699419,
        "29": 1.0000000228164867,
        "30": 0.9999999194945158,
        "31": 0.9999999590084486,
        "32": 1.000000003470585,
        "33": 0.9999999758859133,
        "34": 0.9999999863117365,
        "35": 1.0000000024824922
      }
    },
    "chain_1": {
      "chain": [
        "dog",
        "animal",
        "organism",
        "being",
        "entity"
      ],
      "delta_norms": {
        "level0_to_level1": {
          "0": 1.8172564506530762,
          "1": 2.401310443878174,
          "2": 2.907390832901001,
          "3": 3.5899598598480225,
          "4": 4.669034957885742,
          "5": 5.378062725067139,
          "6": 12.066205978393555,
          "7": 17.649383544921875,
          "8": 23.886579513549805,
          "9": 23.967618942260742,
          "10": 21.782482147216797,
          "11": 21.24593162536621,
          "12": 22.521610260009766,
          "13": 22.919422149658203,
          "14": 25.005510330200195,
          "15": 27.4711971282959,
          "16": 30.546775817871094,
          "17": 31.489055633544922,
          "18": 33.53609848022461,
          "19": 35.572566986083984,
          "20": 36.84981155395508,
          "21": 38.660789489746094,
          "22": 38.282833099365234,
          "23": 43.88901901245117,
          "24": 55.178489685058594,
          "25": 61.454071044921875,
          "26": 68.99657440185547,
          "27": 82.12506866455078,
          "28": 95.07630920410156,
          "29": 124.27179718017578,
          "30": 151.2145538330078,
          "31": 176.74847412109375,
          "32": 199.31924438476562,
          "33": 219.31935119628906,
          "34": 248.17074584960938,
          "35": 279.5557556152344
        },
        "level1_to_level2": {
          "0": 1.8513139486312866,
          "1": 2.4820542335510254,
          "2": 3.083953857421875,
          "3": 4.003381252288818,
          "4": 5.221114158630371,
          "5": 6.4122772216796875,
          "6": 11.390767097473145,
          "7": 14.765861511230469,
          "8": 21.855478286743164,
          "9": 21.610599517822266,
          "10": 22.620107650756836,
          "11": 21.89703369140625,
          "12": 23.312297821044922,
          "13": 23.71026611328125,
          "14": 27.327369689941406,
          "15": 33.43671798706055,
          "16": 37.35195541381836,
          "17": 37.66798400878906,
          "18": 32.35145568847656,
          "19": 34.90547561645508,
          "20": 35.96809387207031,
          "21": 38.369415283203125,
          "22": 37.23948287963867,
          "23": 44.18666458129883,
          "24": 55.47127151489258,
          "25": 62.24885940551758,
          "26": 71.66875457763672,
          "27": 88.70635986328125,
          "28": 106.63214111328125,
          "29": 132.48509216308594,
          "30": 168.94879150390625,
          "31": 193.2387237548828,
          "32": 215.36297607421875,
          "33": 232.62811279296875,
          "34": 257.94439697265625,
          "35": 280.7044677734375
        },
        "level2_to_level3": {
          "0": 2.6183993816375732,
          "1": 3.930140972137451,
          "2": 5.636667251586914,
          "3": 6.833474636077881,
          "4": 8.487617492675781,
          "5": 10.320898056030273,
          "6": 15.0153226852417,
          "7": 19.379308700561523,
          "8": 26.651975631713867,
          "9": 25.97018814086914,
          "10": 24.203784942626953,
          "11": 24.87740135192871,
          "12": 26.117338180541992,
          "13": 26.878368377685547,
          "14": 29.269582748413086,
          "15": 34.13103485107422,
          "16": 36.06943130493164,
          "17": 36.82947540283203,
          "18": 28.552677154541016,
          "19": 30.40940284729004,
          "20": 31.548892974853516,
          "21": 32.52244567871094,
          "22": 33.68029022216797,
          "23": 41.88121795654297,
          "24": 55.38905334472656,
          "25": 63.78531265258789,
          "26": 73.19416046142578,
          "27": 89.6340560913086,
          "28": 108.6109619140625,
          "29": 128.7906951904297,
          "30": 163.54800415039062,
          "31": 186.5902099609375,
          "32": 210.5504913330078,
          "33": 230.59666442871094,
          "34": 259.377685546875,
          "35": 348.0414733886719
        },
        "level3_to_level4": {
          "0": 2.601736545562744,
          "1": 3.898010492324829,
          "2": 5.5514702796936035,
          "3": 6.730437755584717,
          "4": 8.565652847290039,
          "5": 10.204683303833008,
          "6": 15.532126426696777,
          "7": 19.85238265991211,
          "8": 28.372499465942383,
          "9": 26.620542526245117,
          "10": 24.750690460205078,
          "11": 26.03728675842285,
          "12": 25.965158462524414,
          "13": 25.981361389160156,
          "14": 26.430152893066406,
          "15": 26.70936393737793,
          "16": 26.972745895385742,
          "17": 27.021324157714844,
          "18": 28.333314895629883,
          "19": 30.37249183654785,
          "20": 31.541921615600586,
          "21": 32.57044219970703,
          "22": 34.37639617919922,
          "23": 43.42124938964844,
          "24": 52.62363052368164,
          "25": 58.508941650390625,
          "26": 66.55644989013672,
          "27": 77.93401336669922,
          "28": 90.97183990478516,
          "29": 103.39562225341797,
          "30": 130.8294219970703,
          "31": 147.46505737304688,
          "32": 164.40682983398438,
          "33": 175.9254913330078,
          "34": 198.45523071289062,
          "35": 248.4072265625
        }
      },
      "delta_cos_sample_layers": {
        "0": [
          [
            1.0,
            -0.6723363995552063,
            0.0016940449131652713,
            -0.03445209935307503
          ],
          [
            -0.6723363995552063,
            1.0,
            -0.16931548714637756,
            0.05688713118433952
          ],
          [
            0.0016940449131652713,
            -0.16931548714637756,
            1.0,
            -0.8779453039169312
          ],
          [
            -0.03445209935307503,
            0.05688713118433952,
            -0.8779453039169312,
            0.9999999403953552
          ]
        ],
        "5": [
          [
            0.9999999403953552,
            -0.22956614196300507,
            -0.08321111649274826,
            0.0652572363615036
          ],
          [
            -0.22956614196300507,
            1.0000001192092896,
            -0.4050876796245575,
            0.10976166278123856
          ],
          [
            -0.08321111649274826,
            -0.4050876796245575,
            1.0,
            -0.745152473449707
          ],
          [
            0.0652572363615036,
            0.10976166278123856,
            -0.745152473449707,
            1.0000001192092896
          ]
        ],
        "10": [
          [
            0.9999999403953552,
            -0.35534265637397766,
            -0.03702455759048462,
            0.0438721589744091
          ],
          [
            -0.35534265637397766,
            1.0000001192092896,
            -0.3038507103919983,
            0.011509052477777004
          ],
          [
            -0.03702455759048462,
            -0.3038507103919983,
            1.0000001192092896,
            -0.5846565365791321
          ],
          [
            0.0438721589744091,
            0.011509052477777004,
            -0.5846565365791321,
            1.0
          ]
        ],
        "15": [
          [
            1.0,
            -0.37303632497787476,
            0.008082780987024307,
            0.024207625538110733
          ],
          [
            -0.37303632497787476,
            1.0,
            -0.5886372923851013,
            0.018930770456790924
          ],
          [
            0.008082780987024307,
            -0.5886372923851013,
            1.0,
            -0.4496101438999176
          ],
          [
            0.024207625538110733,
            0.018930770456790924,
            -0.4496101438999176,
            1.0
          ]
        ],
        "20": [
          [
            1.0000001192092896,
            -0.5854460000991821,
            0.04174167290329933,
            0.06323035061359406
          ],
          [
            -0.5854460000991821,
            1.0000001192092896,
            -0.20867136120796204,
            -0.0266359094530344
          ],
          [
            0.04174167290329933,
            -0.20867136120796204,
            1.0,
            -0.5362865328788757
          ],
          [
            0.06323035061359406,
            -0.0266359094530344,
            -0.5362865328788757,
            1.0
          ]
        ],
        "25": [
          [
            1.0000001192092896,
            -0.23109106719493866,
            0.01763215847313404,
            0.056995708495378494
          ],
          [
            -0.23109106719493866,
            1.0,
            -0.4087957441806793,
            -0.024873685091733932
          ],
          [
            0.01763215847313404,
            -0.4087957441806793,
            0.9999999403953552,
            -0.4876748323440552
          ],
          [
            0.056995708495378494,
            -0.024873685091733932,
            -0.4876748323440552,
            1.0000001192092896
          ]
        ],
        "30": [
          [
            1.0,
            -0.04083073139190674,
            -0.02322523295879364,
            -0.0851207748055458
          ],
          [
            -0.04083073139190674,
            1.0,
            -0.5401503443717957,
            0.011390972882509232
          ],
          [
            -0.02322523295879364,
            -0.5401503443717957,
            0.9999999403953552,
            -0.44889363646507263
          ],
          [
            -0.0851207748055458,
            0.011390972882509232,
            -0.44889363646507263,
            0.9999998807907104
          ]
        ],
        "35": [
          [
            1.0,
            -0.13116934895515442,
            0.2829385995864868,
            -0.20666752755641937
          ],
          [
            -0.13116934895515442,
            1.0,
            -0.5860493779182434,
            0.12935391068458557
          ],
          [
            0.2829385995864868,
            -0.5860493779182434,
            1.0,
            -0.5588604211807251
          ],
          [
            -0.20666752755641937,
            0.12935391068458557,
            -0.5588604211807251,
            1.0000001192092896
          ]
        ]
      },
      "level_distances_sample": {
        "0": {
          "L0_L1": 1.8172564506530762,
          "L0_L2": 1.4852224588394165,
          "L0_L3": 2.7269976139068604,
          "L0_L4": 1.5703424215316772,
          "L1_L2": 1.8513139486312866,
          "L1_L3": 2.9397060871124268,
          "L1_L4": 1.999277949333191,
          "L2_L3": 2.6183993816375732,
          "L2_L4": 1.2896690368652344,
          "L3_L4": 2.601736545562744
        },
        "5": {
          "L0_L1": 5.378062725067139,
          "L0_L2": 7.362567901611328,
          "L0_L3": 9.893081665039062,
          "L0_L4": 8.159348487854004,
          "L1_L2": 6.4122772216796875,
          "L1_L3": 9.696415901184082,
          "L1_L4": 7.453828811645508,
          "L2_L3": 10.320898056030273,
          "L2_L4": 7.327718257904053,
          "L3_L4": 10.204683303833008
        },
        "10": {
          "L0_L1": 21.782482147216797,
          "L0_L2": 25.218557357788086,
          "L0_L3": 29.155569076538086,
          "L0_L4": 28.676607131958008,
          "L1_L2": 22.620107650756836,
          "L1_L3": 27.654674530029297,
          "L1_L4": 26.263582229614258,
          "L2_L3": 24.203784942626953,
          "L2_L4": 22.314369201660156,
          "L3_L4": 24.750690460205078
        },
        "15": {
          "L0_L1": 27.4711971282959,
          "L0_L2": 34.45835876464844,
          "L0_L3": 31.99879264831543,
          "L0_L4": 31.4150447845459,
          "L1_L2": 33.43671798706055,
          "L1_L3": 30.649656295776367,
          "L1_L4": 29.44247817993164,
          "L2_L3": 34.13103485107422,
          "L2_L4": 32.53571319580078,
          "L3_L4": 26.70936393737793
        },
        "20": {
          "L0_L1": 36.84981155395508,
          "L0_L2": 33.16162109375,
          "L0_L3": 41.45479202270508,
          "L0_L4": 41.62465286254883,
          "L1_L2": 35.96809387207031,
          "L1_L3": 42.60816192626953,
          "L1_L4": 41.01926803588867,
          "L2_L3": 31.548892974853516,
          "L2_L4": 30.37918472290039,
          "L3_L4": 31.541921615600586
        },
        "25": {
          "L0_L1": 61.454071044921875,
          "L0_L2": 76.70378112792969,
          "L0_L3": 82.7282943725586,
          "L0_L4": 82.80057525634766,
          "L1_L2": 62.24885940551758,
          "L1_L3": 68.53604125976562,
          "L1_L4": 65.56893920898438,
          "L2_L3": 63.78531265258789,
          "L2_L4": 62.06325912475586,
          "L3_L4": 58.508941650390625
        },
        "30": {
          "L0_L1": 151.2145538330078,
          "L0_L2": 222.08847045898438,
          "L0_L3": 212.30270385742188,
          "L0_L4": 200.2861785888672,
          "L1_L2": 168.94879150390625,
          "L1_L3": 159.50424194335938,
          "L1_L4": 154.43980407714844,
          "L2_L3": 163.54800415039062,
          "L2_L4": 157.01730346679688,
          "L3_L4": 130.8294219970703
        },
        "35": {
          "L0_L1": 279.5557556152344,
          "L0_L2": 369.2695617675781,
          "L0_L3": 445.0177307128906,
          "L0_L4": 390.44744873046875,
          "L1_L2": 280.7044677734375,
          "L1_L3": 292.262939453125,
          "L1_L4": 261.781494140625,
          "L2_L3": 348.0414733886719,
          "L2_L4": 293.6075134277344,
          "L3_L4": 248.4072265625
        }
      },
      "layer_discrimination": {
        "0": 0.9999999908446231,
        "1": 0.9999999818870161,
        "2": 0.9999998894843214,
        "3": 0.9999999196702675,
        "4": 1.00000001439373,
        "5": 0.9999998767155905,
        "6": 0.9999998779776726,
        "7": 1.0000000280550367,
        "8": 0.9999999936553131,
        "9": 0.9999999709900899,
        "10": 0.9999999696413838,
        "11": 1.0000000755452378,
        "12": 0.9999998517181441,
        "13": 0.9999999728080766,
        "14": 0.9999999565565831,
        "15": 1.0000000236504982,
        "16": 0.999999956221182,
        "17": 1.0000000649494722,
        "18": 1.0000000596926415,
        "19": 1.0000001291190896,
        "20": 0.9999999092758083,
        "21": 0.9999998169976224,
        "22": 0.9999999293908859,
        "23": 0.9999998931157875,
        "24": 1.0000000403601605,
        "25": 0.9999999993165753,
        "26": 0.9999999271873083,
        "27": 0.9999999106797269,
        "28": 0.9999998939509083,
        "29": 0.9999997929294464,
        "30": 0.9999999490688787,
        "31": 0.9999999150574003,
        "32": 1.0000000749138207,
        "33": 0.9999998492863641,
        "34": 1.0000000733908234,
        "35": 1.000000139588451
      }
    },
    "chain_2": {
      "chain": [
        "hammer",
        "tool",
        "instrument",
        "artifact",
        "object"
      ],
      "delta_norms": {
        "level0_to_level1": {
          "0": 1.7219880819320679,
          "1": 2.9887566566467285,
          "2": 4.385464668273926,
          "3": 5.3747053146362305,
          "4": 6.799237251281738,
          "5": 8.33973503112793,
          "6": 14.867424011230469,
          "7": 19.85836410522461,
          "8": 26.375675201416016,
          "9": 25.333961486816406,
          "10": 23.698034286499023,
          "11": 24.43405532836914,
          "12": 24.953500747680664,
          "13": 24.304317474365234,
          "14": 24.94161605834961,
          "15": 25.82901382446289,
          "16": 25.706317901611328,
          "17": 26.32343864440918,
          "18": 28.14906120300293,
          "19": 31.386560440063477,
          "20": 34.627620697021484,
          "21": 37.96977615356445,
          "22": 39.76327133178711,
          "23": 50.656761169433594,
          "24": 61.412532806396484,
          "25": 70.2800521850586,
          "26": 79.52702331542969,
          "27": 89.31074523925781,
          "28": 104.37012481689453,
          "29": 130.1141815185547,
          "30": 152.99969482421875,
          "31": 183.10008239746094,
          "32": 201.5447235107422,
          "33": 218.0769805908203,
          "34": 245.42315673828125,
          "35": 262.75079345703125
        },
        "level1_to_level2": {
          "0": 1.215108871459961,
          "1": 2.0715019702911377,
          "2": 2.80838680267334,
          "3": 3.8302760124206543,
          "4": 5.364912509918213,
          "5": 6.312755584716797,
          "6": 12.000746726989746,
          "7": 14.118502616882324,
          "8": 21.330080032348633,
          "9": 21.803823471069336,
          "10": 20.86919593811035,
          "11": 20.52659797668457,
          "12": 20.479631423950195,
          "13": 19.959524154663086,
          "14": 19.93832778930664,
          "15": 20.270702362060547,
          "16": 20.22953987121582,
          "17": 20.43145751953125,
          "18": 21.670047760009766,
          "19": 23.757204055786133,
          "20": 25.113887786865234,
          "21": 26.36275291442871,
          "22": 27.2238712310791,
          "23": 33.97541427612305,
          "24": 43.39653015136719,
          "25": 48.4964714050293,
          "26": 54.390220642089844,
          "27": 62.634857177734375,
          "28": 74.61627960205078,
          "29": 94.72514343261719,
          "30": 111.41835021972656,
          "31": 122.09258270263672,
          "32": 132.287841796875,
          "33": 145.89979553222656,
          "34": 167.50686645507812,
          "35": 185.03567504882812
        },
        "level2_to_level3": {
          "0": 1.4152727127075195,
          "1": 2.4416344165802,
          "2": 3.2183589935302734,
          "3": 4.095055103302002,
          "4": 5.721309185028076,
          "5": 6.907350540161133,
          "6": 13.112406730651855,
          "7": 16.242109298706055,
          "8": 23.145214080810547,
          "9": 23.299728393554688,
          "10": 20.882720947265625,
          "11": 19.756080627441406,
          "12": 20.208045959472656,
          "13": 19.744300842285156,
          "14": 19.86190414428711,
          "15": 20.93003273010254,
          "16": 20.596721649169922,
          "17": 20.720117568969727,
          "18": 21.619230270385742,
          "19": 23.885944366455078,
          "20": 24.821531295776367,
          "21": 26.01560401916504,
          "22": 26.835067749023438,
          "23": 34.365028381347656,
          "24": 46.725616455078125,
          "25": 53.162750244140625,
          "26": 61.770755767822266,
          "27": 71.68375396728516,
          "28": 87.79061889648438,
          "29": 110.90036010742188,
          "30": 134.9725341796875,
          "31": 150.4872283935547,
          "32": 163.43447875976562,
          "33": 177.3446044921875,
          "34": 199.91563415527344,
          "35": 224.1533966064453
        },
        "level3_to_level4": {
          "0": 1.613631010055542,
          "1": 2.5867321491241455,
          "2": 3.6377112865448,
          "3": 4.827572345733643,
          "4": 7.794281959533691,
          "5": 10.814785957336426,
          "6": 19.700441360473633,
          "7": 27.686975479125977,
          "8": 41.701629638671875,
          "9": 40.723060607910156,
          "10": 35.05750274658203,
          "11": 36.02387237548828,
          "12": 34.755271911621094,
          "13": 35.0404052734375,
          "14": 34.4095458984375,
          "15": 34.703975677490234,
          "16": 33.8231086730957,
          "17": 34.536231994628906,
          "18": 36.167476654052734,
          "19": 38.20711135864258,
          "20": 39.783687591552734,
          "21": 42.12892532348633,
          "22": 44.126922607421875,
          "23": 54.55303955078125,
          "24": 66.39596557617188,
          "25": 76.08379364013672,
          "26": 85.42969512939453,
          "27": 97.35052490234375,
          "28": 113.59523010253906,
          "29": 133.8078155517578,
          "30": 156.40902709960938,
          "31": 178.56317138671875,
          "32": 196.666259765625,
          "33": 209.20750427246094,
          "34": 229.9066162109375,
          "35": 245.05409240722656
        }
      },
      "delta_cos_sample_layers": {
        "0": [
          [
            1.0000001192092896,
            -0.3633006811141968,
            -0.03866905719041824,
            0.09825880080461502
          ],
          [
            -0.3633006811141968,
            1.0000001192092896,
            -0.47067680954933167,
            0.04032449424266815
          ],
          [
            -0.03866905719041824,
            -0.47067680954933167,
            1.0,
            -0.49277639389038086
          ],
          [
            0.09825880080461502,
            0.04032449424266815,
            -0.49277639389038086,
            1.0
          ]
        ],
        "5": [
          [
            1.0,
            -0.5668653249740601,
            -0.004827091470360756,
            0.21517489850521088
          ],
          [
            -0.5668653249740601,
            1.0,
            -0.37807947397232056,
            -0.22941835224628448
          ],
          [
            -0.004827091470360756,
            -0.37807947397232056,
            1.0,
            -0.19026440382003784
          ],
          [
            0.21517489850521088,
            -0.22941835224628448,
            -0.19026440382003784,
            1.0
          ]
        ],
        "10": [
          [
            1.0,
            -0.547840416431427,
            -0.159972682595253,
            0.16930536925792694
          ],
          [
            -0.547840416431427,
            1.0000001192092896,
            -0.3530193567276001,
            -0.12224967032670975
          ],
          [
            -0.159972682595253,
            -0.3530193567276001,
            1.0000001192092896,
            -0.2857407033443451
          ],
          [
            0.16930536925792694,
            -0.12224967032670975,
            -0.2857407033443451,
            1.0000001192092896
          ]
        ],
        "15": [
          [
            1.0,
            -0.5592803359031677,
            -0.14205420017242432,
            0.12263496965169907
          ],
          [
            -0.5592803359031677,
            1.0,
            -0.3263566792011261,
            -0.08190300315618515
          ],
          [
            -0.14205420017242432,
            -0.3263566792011261,
            1.0,
            -0.3278760612010956
          ],
          [
            0.12263496965169907,
            -0.08190300315618515,
            -0.3278760612010956,
            1.0
          ]
        ],
        "20": [
          [
            1.0,
            -0.5618522763252258,
            -0.20346984267234802,
            0.1598653793334961
          ],
          [
            -0.5618522763252258,
            1.0000001192092896,
            -0.2777446210384369,
            -0.10945834219455719
          ],
          [
            -0.20346984267234802,
            -0.2777446210384369,
            1.0000001192092896,
            -0.2883160710334778
          ],
          [
            0.1598653793334961,
            -0.10945834219455719,
            -0.2883160710334778,
            0.9999999403953552
          ]
        ],
        "25": [
          [
            1.0000001192092896,
            -0.5044222474098206,
            -0.19668780267238617,
            0.13083595037460327
          ],
          [
            -0.5044222474098206,
            1.0,
            -0.24795718491077423,
            -0.16783185303211212
          ],
          [
            -0.19668780267238617,
            -0.24795718491077423,
            0.9999999403953552,
            -0.22969479858875275
          ],
          [
            0.13083595037460327,
            -0.16783185303211212,
            -0.22969479858875275,
            1.0000001192092896
          ]
        ],
        "30": [
          [
            1.0,
            -0.40538549423217773,
            -0.15312078595161438,
            -0.04649462178349495
          ],
          [
            -0.40538549423217773,
            1.0,
            -0.34527885913848877,
            -0.11041979491710663
          ],
          [
            -0.15312078595161438,
            -0.34527885913848877,
            1.0,
            -0.2900996804237366
          ],
          [
            -0.04649462178349495,
            -0.11041979491710663,
            -0.2900996804237366,
            1.0
          ]
        ],
        "35": [
          [
            1.0000001192092896,
            -0.48888057470321655,
            -0.1319410502910614,
            -8.64929606905207e-05
          ],
          [
            -0.48888057470321655,
            1.0000001192092896,
            -0.2986907362937927,
