{
  "model": "glm4",
  "n_chains": 5,
  "chain_results": {
    "chain_0": {
      "chain": [
        "apple",
        "fruit",
        "food",
        "substance",
        "object"
      ],
      "delta_norms": {
        "level0_to_level1": {
          "0": 0.04670785740017891,
          "1": 0.17117440700531006,
          "2": 0.3093585669994354,
          "3": 0.4767036736011505,
          "4": 0.8611816167831421,
          "5": 1.1035202741622925,
          "6": 1.489296793937683,
          "7": 1.7937251329421997,
          "8": 2.1280605792999268,
          "9": 2.492851734161377,
          "10": 2.8026010990142822,
          "11": 2.9741241931915283,
          "12": 3.329355001449585,
          "13": 3.620847702026367,
          "14": 3.9081432819366455,
          "15": 4.251039981842041,
          "16": 4.841241836547852,
          "17": 5.5258402824401855,
          "18": 5.846395015716553,
          "19": 6.555383682250977,
          "20": 7.52061653137207,
          "21": 8.424529075622559,
          "22": 10.197009086608887,
          "23": 13.451532363891602,
          "24": 18.080806732177734,
          "25": 22.05838966369629,
          "26": 26.65925407409668,
          "27": 31.35198974609375,
          "28": 36.53687286376953,
          "29": 41.43027114868164,
          "30": 46.86164474487305,
          "31": 51.830726623535156,
          "32": 56.27089309692383,
          "33": 60.39461898803711,
          "34": 65.18325805664062,
          "35": 70.39028930664062,
          "36": 76.33985137939453,
          "37": 84.79403686523438,
          "38": 127.46920013427734,
          "39": 159.3654022216797
        },
        "level1_to_level2": {
          "0": 0.04046943783760071,
          "1": 0.14189891517162323,
          "2": 0.2270885854959488,
          "3": 0.43885186314582825,
          "4": 0.8770880699157715,
          "5": 1.2078274488449097,
          "6": 1.5349310636520386,
          "7": 1.795853853225708,
          "8": 2.2042346000671387,
          "9": 2.760868549346924,
          "10": 3.124343156814575,
          "11": 3.3374814987182617,
          "12": 3.6928372383117676,
          "13": 4.158611297607422,
          "14": 4.480943202972412,
          "15": 4.769264221191406,
          "16": 5.220309257507324,
          "17": 5.935965061187744,
          "18": 6.279520034790039,
          "19": 6.952027797698975,
          "20": 7.845625877380371,
          "21": 8.959718704223633,
          "22": 11.050641059875488,
          "23": 14.980101585388184,
          "24": 21.1297664642334,
          "25": 26.051794052124023,
          "26": 32.14970397949219,
          "27": 40.7199592590332,
          "28": 48.928489685058594,
          "29": 55.56235885620117,
          "30": 63.626224517822266,
          "31": 72.11707305908203,
          "32": 78.77180480957031,
          "33": 84.23918151855469,
          "34": 89.49588775634766,
          "35": 95.23727416992188,
          "36": 101.68074798583984,
          "37": 109.09786224365234,
          "38": 168.2057342529297,
          "39": 205.2207489013672
        },
        "level2_to_level3": {
          "0": 0.05839031934738159,
          "1": 0.18662971258163452,
          "2": 0.3276638388633728,
          "3": 0.5359795093536377,
          "4": 1.0397619009017944,
          "5": 1.309150218963623,
          "6": 1.7091976404190063,
          "7": 1.994294285774231,
          "8": 2.4193952083587646,
          "9": 2.747971534729004,
          "10": 2.951411485671997,
          "11": 3.346534013748169,
          "12": 3.5545456409454346,
          "13": 3.9882700443267822,
          "14": 4.429042816162109,
          "15": 4.777858734130859,
          "16": 5.277446269989014,
          "17": 6.040927410125732,
          "18": 6.391926288604736,
          "19": 7.0495195388793945,
          "20": 7.996248245239258,
          "21": 9.076936721801758,
          "22": 10.460144996643066,
          "23": 13.883228302001953,
          "24": 17.351442337036133,
          "25": 21.80201530456543,
          "26": 27.314714431762695,
          "27": 33.30203628540039,
          "28": 39.56208419799805,
          "29": 44.835350036621094,
          "30": 51.65163803100586,
          "31": 59.983158111572266,
          "32": 64.4432144165039,
          "33": 69.0986557006836,
          "34": 73.23567962646484,
          "35": 77.8309326171875,
          "36": 83.30885314941406,
          "37": 90.69224548339844,
          "38": 147.12709045410156,
          "39": 195.71791076660156
        },
        "level3_to_level4": {
          "0": 0.06906718015670776,
          "1": 0.19067849218845367,
          "2": 0.26375439763069153,
          "3": 0.6658702492713928,
          "4": 1.2855414152145386,
          "5": 1.5027191638946533,
          "6": 1.8800045251846313,
          "7": 2.207124710083008,
          "8": 2.5726561546325684,
          "9": 2.794281482696533,
          "10": 3.0350565910339355,
          "11": 3.3700950145721436,
          "12": 3.5373079776763916,
          "13": 3.9796438217163086,
          "14": 4.291502475738525,
          "15": 4.861155986785889,
          "16": 5.306919574737549,
          "17": 6.142672061920166,
          "18": 6.428561687469482,
          "19": 7.110257625579834,
          "20": 7.970244407653809,
          "21": 9.068684577941895,
          "22": 10.902000427246094,
          "23": 13.468073844909668,
          "24": 16.58687973022461,
          "25": 19.87626838684082,
          "26": 23.233097076416016,
          "27": 28.057252883911133,
          "28": 32.70842742919922,
          "29": 36.767391204833984,
          "30": 40.18401336669922,
          "31": 46.83250045776367,
          "32": 49.939327239990234,
          "33": 53.07321548461914,
          "34": 55.375152587890625,
          "35": 59.47994613647461,
          "36": 63.666786193847656,
          "37": 68.27859497070312,
          "38": 118.09228515625,
          "39": 164.16542053222656
        }
      },
      "delta_cos_sample_layers": {
        "0": [
          [
            1.0,
            -0.17445312440395355,
            0.09786497801542282,
            -0.29737913608551025
          ],
          [
            -0.17445312440395355,
            0.9999999403953552,
            -0.5964527130126953,
            -0.16383638978004456
          ],
          [
            0.09786497801542282,
            -0.5964527130126953,
            0.9999999403953552,
            0.03217325359582901
          ],
          [
            -0.29737913608551025,
            -0.16383638978004456,
            0.03217325359582901,
            1.0
          ]
        ],
        "5": [
          [
            1.0,
            -0.42536792159080505,
            0.06068890914320946,
            -0.09323281794786453
          ],
          [
            -0.42536792159080505,
            1.0000001192092896,
            -0.44878703355789185,
            -0.05777972191572189
          ],
          [
            0.06068890914320946,
            -0.44878703355789185,
            0.9999999403953552,
            -0.19530393183231354
          ],
          [
            -0.09323281794786453,
            -0.05777972191572189,
            -0.19530393183231354,
            1.0
          ]
        ],
        "10": [
          [
            1.0,
            -0.4545690715312958,
            0.05906747281551361,
            -0.017223510891199112
          ],
          [
            -0.4545690715312958,
            0.9999998807907104,
            -0.4818551242351532,
            -0.04893404245376587
          ],
          [
            0.05906747281551361,
            -0.4818551242351532,
            1.0,
            -0.2030377835035324
          ],
          [
            -0.017223510891199112,
            -0.04893404245376587,
            -0.2030377835035324,
            1.0
          ]
        ],
        "15": [
          [
            1.0000001192092896,
            -0.5151901841163635,
            0.06745873391628265,
            0.036446135491132736
          ],
          [
            -0.5151901841163635,
            1.0,
            -0.5400174856185913,
            -0.03331538289785385
          ],
          [
            0.06745873391628265,
            -0.5400174856185913,
            1.0,
            -0.2456177920103073
          ],
          [
            0.036446135491132736,
            -0.03331538289785385,
            -0.2456177920103073,
            1.0
          ]
        ],
        "20": [
          [
            0.9999999403953552,
            -0.48903316259384155,
            0.11109299212694168,
            0.034598201513290405
          ],
          [
            -0.48903316259384155,
            1.0,
            -0.5886653661727905,
            -0.008253957144916058
          ],
          [
            0.11109299212694168,
            -0.5886653661727905,
            1.0,
            -0.2644308805465698
          ],
          [
            0.034598201513290405,
            -0.008253957144916058,
            -0.2644308805465698,
            1.0000001192092896
          ]
        ],
        "25": [
          [
            1.0000001192092896,
            -0.5544670224189758,
            0.11782367527484894,
            -0.04617508500814438
          ],
          [
            -0.5544670224189758,
            1.0,
            -0.508899450302124,
            -0.029966654255986214
          ],
          [
            0.11782367527484894,
            -0.508899450302124,
            0.9999999403953552,
            -0.2475019097328186
          ],
          [
            -0.04617508500814438,
            -0.029966654255986214,
            -0.2475019097328186,
            1.0000001192092896
          ]
        ],
        "30": [
          [
            1.0,
            -0.6009243726730347,
            0.10424432903528214,
            -0.08300220966339111
          ],
          [
            -0.6009243726730347,
            1.0,
            -0.5250138640403748,
            -0.044261835515499115
          ],
          [
            0.10424432903528214,
            -0.5250138640403748,
            1.0,
            -0.22482554614543915
          ],
          [
            -0.08300220966339111,
            -0.044261835515499115,
            -0.22482554614543915,
            1.0
          ]
        ],
        "35": [
          [
            0.9999998807907104,
            -0.5998718738555908,
            0.10001572966575623,
            -0.11443236470222473
          ],
          [
            -0.5998718738555908,
            1.0,
            -0.5161283016204834,
            -0.009394093416631222
          ],
          [
            0.10001572966575623,
            -0.5161283016204834,
            0.9999999403953552,
            -0.2902500331401825
          ],
          [
            -0.11443236470222473,
            -0.009394093416631222,
            -0.2902500331401825,
            0.9999999403953552
          ]
        ]
      },
      "level_distances_sample": {
        "0": {
          "L0_L1": 0.04670785740017891,
          "L0_L2": 0.056212831288576126,
          "L0_L3": 0.06545425951480865,
          "L0_L4": 0.08049517869949341,
          "L1_L2": 0.04046943783760071,
          "L1_L3": 0.04720531404018402,
          "L1_L4": 0.07963814586400986,
          "L2_L3": 0.05839031934738159,
          "L2_L4": 0.09186513721942902,
          "L3_L4": 0.06906718015670776
        },
        "5": {
          "L0_L1": 1.1035202741622925,
          "L0_L2": 1.2420512437820435,
          "L0_L3": 1.418678641319275,
          "L0_L4": 1.7272584438323975,
          "L1_L2": 1.2078274488449097,
          "L1_L3": 1.3241803646087646,
          "L1_L4": 1.741676926612854,
          "L2_L3": 1.309150218963623,
          "L2_L4": 1.7898609638214111,
          "L3_L4": 1.5027191638946533
        },
        "10": {
          "L0_L1": 2.8026010990142822,
          "L0_L2": 3.1073174476623535,
          "L0_L3": 3.23370361328125,
          "L0_L4": 3.848358392715454,
          "L1_L2": 3.124343156814575,
          "L1_L3": 3.0960893630981445,
          "L1_L4": 3.772505521774292,
          "L2_L3": 2.951411485671997,
          "L2_L4": 3.7795369625091553,
          "L3_L4": 3.0350565910339355
        },
        "15": {
          "L0_L1": 4.251039981842041,
          "L0_L2": 4.463962554931641,
          "L0_L3": 4.5699663162231445,
          "L0_L4": 5.750441074371338,
          "L1_L2": 4.769264221191406,
          "L1_L3": 4.5785603523254395,
          "L1_L4": 5.624934673309326,
          "L2_L3": 4.777858734130859,
          "L2_L4": 5.920252323150635,
          "L3_L4": 4.861155986785889
        },
        "20": {
          "L0_L1": 7.52061653137207,
          "L0_L2": 7.77198600769043,
          "L0_L3": 7.990293979644775,
          "L0_L4": 9.837662696838379,
          "L1_L2": 7.845625877380371,
          "L1_L3": 7.185634613037109,
          "L1_L4": 8.967744827270508,
          "L2_L3": 7.996248245239258,
          "L2_L4": 9.682941436767578,
          "L3_L4": 7.970244407653809
        },
        "25": {
          "L0_L1": 22.05838966369629,
          "L0_L2": 22.97842788696289,
          "L0_L3": 23.207157135009766,
          "L0_L4": 25.448144912719727,
          "L1_L2": 26.051794052124023,
          "L1_L3": 23.998607635498047,
          "L1_L4": 26.934343338012695,
          "L2_L3": 21.80201530456543,
          "L2_L4": 25.610307693481445,
          "L3_L4": 19.87626838684082
        },
        "30": {
          "L0_L1": 46.86164474487305,
          "L0_L2": 51.58336639404297,
          "L0_L3": 48.81157302856445,
          "L0_L4": 50.25045394897461,
          "L1_L2": 63.626224517822266,
          "L1_L3": 57.14350128173828,
          "L1_L4": 60.99605941772461,
          "L2_L3": 51.65163803100586,
          "L2_L4": 57.873695373535156,
          "L3_L4": 40.18401336669922
        },
        "35": {
          "L0_L1": 70.39028930664062,
          "L0_L2": 77.34415435791016,
          "L0_L3": 74.0550537109375,
          "L0_L4": 72.59488677978516,
          "L1_L2": 95.23727416992188,
          "L1_L3": 86.46554565429688,
          "L1_L4": 90.666259765625,
          "L2_L3": 77.8309326171875,
          "L2_L4": 83.1153564453125,
          "L3_L4": 59.47994613647461
        }
      },
      "layer_discrimination": {
        "0": 1.0000000060694938,
        "1": 1.0000000943110003,
        "2": 0.9999999946617415,
        "3": 0.9999999183031381,
        "4": 0.9999998284855262,
        "5": 0.9999997968531672,
        "6": 0.9999999798780105,
        "7": 0.9999999024802391,
        "8": 0.9999998229167939,
        "9": 0.999999971731733,
        "10": 0.9999998878683527,
        "11": 0.9999998742525212,
        "12": 0.9999999518162881,
        "13": 0.999999885492758,
        "14": 0.9999998749228893,
        "15": 1.0000000015839114,
        "16": 0.9999999473469773,
        "17": 0.9999999044773634,
        "18": 0.9999998824376886,
        "19": 0.9999999224755172,
        "20": 1.0000000106212095,
        "21": 0.9999999564151969,
        "22": 0.9999998836239115,
        "23": 0.9999999622115736,
        "24": 0.9999998938688813,
        "25": 1.0000000098353992,
        "26": 0.9999999652938723,
        "27": 0.9999998470982043,
        "28": 0.9999997839533437,
        "29": 0.9999998156835013,
        "30": 0.9999999191548546,
        "31": 0.9999999226640994,
        "32": 0.9999999511413341,
        "33": 0.9999999824321736,
        "34": 1.0000000406460017,
        "35": 0.9999999529408853,
        "36": 0.9999998139717614,
        "37": 1.0000000604741748,
        "38": 0.9999998896777198,
        "39": 1.0000000539554128
      }
    },
    "chain_1": {
      "chain": [
        "dog",
        "animal",
        "organism",
        "being",
        "entity"
      ],
      "delta_norms": {
        "level0_to_level1": {
          "0": 0.04004885256290436,
          "1": 0.1356084793806076,
          "2": 0.22232496738433838,
          "3": 0.41404372453689575,
          "4": 0.7818213701248169,
          "5": 0.89803546667099,
          "6": 1.1442689895629883,
          "7": 1.2958494424819946,
          "8": 1.5663806200027466,
          "9": 1.8251100778579712,
          "10": 2.1684601306915283,
          "11": 2.3421781063079834,
          "12": 2.508206844329834,
          "13": 2.8294484615325928,
          "14": 3.0571835041046143,
          "15": 3.3635780811309814,
          "16": 3.6576790809631348,
          "17": 4.2184576988220215,
          "18": 4.485321521759033,
          "19": 4.868534088134766,
          "20": 5.449318885803223,
          "21": 6.041433334350586,
          "22": 7.025884628295898,
          "23": 9.262284278869629,
          "24": 12.42985725402832,
          "25": 15.383614540100098,
          "26": 18.668718338012695,
          "27": 21.712953567504883,
          "28": 24.43819236755371,
          "29": 32.314247131347656,
          "30": 37.621612548828125,
          "31": 42.131343841552734,
          "32": 45.11212158203125,
          "33": 49.34978485107422,
          "34": 52.05875015258789,
          "35": 55.59731674194336,
          "36": 58.90100860595703,
          "37": 62.72010040283203,
          "38": 100.76631164550781,
          "39": 128.7030792236328
        },
        "level1_to_level2": {
          "0": 0.045813269913196564,
          "1": 0.12995688617229462,
          "2": 0.25790828466415405,
          "3": 0.4420762360095978,
          "4": 0.7432147264480591,
          "5": 0.8475996255874634,
          "6": 0.99428790807724,
          "7": 1.1735140085220337,
          "8": 1.3946112394332886,
          "9": 1.7036306858062744,
          "10": 2.1646323204040527,
          "11": 2.2745487689971924,
          "12": 2.549880027770996,
          "13": 2.8702456951141357,
          "14": 3.0312135219573975,
          "15": 3.3312289714813232,
          "16": 3.624952793121338,
          "17": 4.0079569816589355,
          "18": 4.222355842590332,
          "19": 4.54674768447876,
          "20": 5.005463600158691,
          "21": 5.6270294189453125,
          "22": 6.32817268371582,
          "23": 8.4500732421875,
          "24": 10.680680274963379,
          "25": 14.09779167175293,
          "26": 17.28665542602539,
          "27": 21.52973175048828,
          "28": 26.1122989654541,
          "29": 31.182292938232422,
          "30": 36.35336685180664,
          "31": 42.918296813964844,
          "32": 46.832069396972656,
          "33": 50.139007568359375,
          "34": 53.104225158691406,
          "35": 56.65064239501953,
          "36": 60.67933654785156,
          "37": 65.1025619506836,
          "38": 114.64830017089844,
          "39": 168.50912475585938
        },
        "level2_to_level3": {
          "0": 0.13454630970954895,
          "1": 0.33171337842941284,
          "2": 0.5149573683738708,
          "3": 0.8115338683128357,
          "4": 1.4795275926589966,
          "5": 1.8568024635314941,
          "6": 2.1285512447357178,
          "7": 2.5016698837280273,
          "8": 2.616122245788574,
          "9": 2.998642921447754,
          "10": 3.3113291263580322,
          "11": 3.498666763305664,
          "12": 3.6153154373168945,
          "13": 4.010161876678467,
          "14": 4.183547019958496,
          "15": 4.568631172180176,
          "16": 4.935441017150879,
          "17": 5.424225330352783,
          "18": 5.72452449798584,
          "19": 6.151238918304443,
          "20": 6.719419956207275,
          "21": 7.692437171936035,
          "22": 9.06676959991455,
          "23": 11.980646133422852,
          "24": 15.077544212341309,
          "25": 19.466201782226562,
          "26": 22.811534881591797,
          "27": 27.820158004760742,
          "28": 33.24770736694336,
          "29": 39.048580169677734,
          "30": 45.55990219116211,
          "31": 52.82866668701172,
          "32": 56.837093353271484,
          "33": 59.66498565673828,
          "34": 62.713348388671875,
          "35": 68.25279235839844,
          "36": 73.62505340576172,
          "37": 80.61479187011719,
          "38": 148.39303588867188,
          "39": 232.85049438476562
        },
        "level3_to_level4": {
          "0": 0.13003486394882202,
          "1": 0.359683632850647,
          "2": 0.535567581653595,
          "3": 0.8493725061416626,
          "4": 1.519383192062378,
          "5": 1.8506666421890259,
          "6": 2.1583666801452637,
          "7": 2.477599620819092,
          "8": 2.62691593170166,
          "9": 2.9039225578308105,
          "10": 3.0488028526306152,
          "11": 3.263657331466675,
          "12": 3.4806478023529053,
          "13": 3.7066924571990967,
          "14": 3.921426773071289,
          "15": 4.317474365234375,
          "16": 4.616706371307373,
          "17": 5.0761237144470215,
          "18": 5.396365642547607,
          "19": 5.8989386558532715,
          "20": 6.471405029296875,
          "21": 7.3820719718933105,
          "22": 8.783462524414062,
          "23": 11.86162281036377,
          "24": 14.671348571777344,
          "25": 18.396610260009766,
          "26": 21.978113174438477,
          "27": 27.073211669921875,
          "28": 31.254436492919922,
          "29": 36.495941162109375,
          "30": 41.77634811401367,
          "31": 47.399452209472656,
          "32": 50.70351791381836,
          "33": 53.65141296386719,
          "34": 56.79177474975586,
          "35": 62.115684509277344,
          "36": 66.79447937011719,
          "37": 72.31452178955078,
          "38": 128.49085998535156,
          "39": 207.01817321777344
        }
      },
      "delta_cos_sample_layers": {
        "0": [
          [
            0.9999999403953552,
            0.20676745474338531,
            -0.47367432713508606,
            0.3339635133743286
          ],
          [
            0.20676745474338531,
            1.0,
            -0.5393845438957214,
            0.33051443099975586
          ],
          [
            -0.47367432713508606,
            -0.5393845438957214,
            1.0,
            -0.8170155882835388
          ],
          [
            0.3339635133743286,
            0.33051443099975586,
            -0.8170155882835388,
            1.0
          ]
        ],
        "5": [
          [
            0.9999999403953552,
            -0.204102024435997,
            -0.05531963333487511,
            0.019602768123149872
          ],
          [
            -0.204102024435997,
            1.0,
            -0.09726691991090775,
            0.008200709708034992
          ],
          [
            -0.05531963333487511,
            -0.09726691991090775,
            1.0000001192092896,
            -0.8842907547950745
          ],
          [
            0.019602768123149872,
            0.008200709708034992,
            -0.8842907547950745,
            0.9999999403953552
          ]
        ],
        "10": [
          [
            0.9999998807907104,
            -0.00600476423278451,
            -0.08772628009319305,
            0.026818588376045227
          ],
          [
            -0.00600476423278451,
            0.9999998807907104,
            -0.3548838198184967,
            0.10526766628026962
          ],
          [
            -0.08772628009319305,
            -0.3548838198184967,
            1.0,
            -0.7220723628997803
          ],
          [
            0.026818588376045227,
            0.10526766628026962,
            -0.7220723628997803,
            1.0
          ]
        ],
        "15": [
          [
            1.0,
            -0.10347260534763336,
            -0.045933108776807785,
            0.025280047208070755
          ],
          [
            -0.10347260534763336,
            1.0,
            -0.4145110547542572,
            0.16242258250713348
          ],
          [
            -0.045933108776807785,
            -0.4145110547542572,
            0.9999998807907104,
            -0.7150255441665649
          ],
          [
            0.025280047208070755,
            0.16242258250713348,
            -0.7150255441665649,
            0.9999998807907104
          ]
        ],
        "20": [
          [
            1.0000001192092896,
            -0.007138088345527649,
            -0.005600982345640659,
            -0.008176786825060844
          ],
          [
            -0.007138088345527649,
            0.9999999403953552,
            -0.3949911892414093,
            0.19261911511421204
          ],
          [
            -0.005600982345640659,
            -0.3949911892414093,
            1.0,
            -0.6912254095077515
          ],
          [
            -0.008176786825060844,
            0.19261911511421204,
            -0.6912254095077515,
            1.0000001192092896
          ]
        ],
        "25": [
          [
            1.0000001192092896,
            0.14407511055469513,
            -0.1854345053434372,
            0.06489185243844986
          ],
          [
            0.14407511055469513,
            1.0000001192092896,
            -0.4847428500652313,
            0.18498265743255615
          ],
          [
            -0.1854345053434372,
            -0.4847428500652313,
            0.9999999403953552,
            -0.6096173524856567
          ],
          [
            0.06489185243844986,
            0.18498265743255615,
            -0.6096173524856567,
            0.9999998807907104
          ]
        ],
        "30": [
          [
            1.0,
            0.06639799475669861,
            -0.21106217801570892,
            0.04658783599734306
          ],
          [
            0.06639799475669861,
            1.0,
            -0.5323899984359741,
            0.16115930676460266
          ],
          [
            -0.21106217801570892,
            -0.5323899984359741,
            1.0000001192092896,
            -0.5561936497688293
          ],
          [
            0.04658783599734306,
            0.16115930676460266,
            -0.5561936497688293,
            0.9999999403953552
          ]
        ],
        "35": [
          [
            1.0000001192092896,
            0.08167706429958344,
            -0.1150212436914444,
            -0.048147719353437424
          ],
          [
            0.08167706429958344,
            1.0000001192092896,
            -0.5877920985221863,
            0.1783088892698288
          ],
          [
            -0.1150212436914444,
            -0.5877920985221863,
            0.9999998807907104,
            -0.5425453186035156
          ],
          [
            -0.048147719353437424,
            0.1783088892698288,
            -0.5425453186035156,
            1.0000001192092896
          ]
        ]
      },
      "level_distances_sample": {
        "0": {
          "L0_L1": 0.04004885256290436,
          "L0_L2": 0.0667945146560669,
          "L0_L3": 0.1039709746837616,
          "L0_L4": 0.08091265708208084,
          "L1_L2": 0.045813269913196564,
          "L1_L3": 0.1164131760597229,
          "L1_L4": 0.07622682303190231,
          "L2_L3": 0.13454630970954895,
          "L2_L4": 0.08014518022537231,
          "L3_L4": 0.13003486394882202
        },
        "5": {
          "L0_L1": 0.89803546667099,
          "L0_L2": 1.1018975973129272,
          "L0_L3": 2.0423622131347656,
          "L0_L4": 1.2687327861785889,
          "L1_L2": 0.8475996255874634,
          "L1_L3": 1.9646828174591064,
          "L1_L4": 1.1105222702026367,
          "L2_L3": 1.8568024635314941,
          "L2_L4": 0.8917788863182068,
          "L3_L4": 1.8506666421890259
        },
        "10": {
          "L0_L1": 2.1684601306915283,
          "L0_L2": 3.0547471046447754,
          "L0_L3": 3.7348453998565674,
          "L0_L4": 3.226271152496338,
          "L1_L2": 2.1646323204040527,
          "L1_L3": 3.2500853538513184,
          "L1_L4": 2.582286834716797,
          "L2_L3": 3.3113291263580322,
          "L2_L4": 2.38340425491333,
          "L3_L4": 3.0488028526306152
        },
        "15": {
          "L0_L1": 3.3635780811309814,
          "L0_L2": 4.482404708862305,
          "L0_L3": 5.1899542808532715,
          "L0_L4": 4.77230167388916,
          "L1_L2": 3.3312289714813232,
          "L1_L3": 4.399143695831299,
          "L1_L4": 3.8022968769073486,
          "L2_L3": 4.568631172180176,
          "L2_L4": 3.3623363971710205,
          "L3_L4": 4.317474365234375
        },
        "20": {
          "L0_L1": 5.449318885803223,
          "L0_L2": 7.3729472160339355,
          "L0_L3": 8.51649284362793,
          "L0_L4": 8.136168479919434,
          "L1_L2": 5.005463600158691,
          "L1_L3": 6.605691432952881,
          "L1_L4": 6.15454626083374,
          "L2_L3": 6.719419956207275,
          "L2_L4": 5.187976360321045,
          "L3_L4": 6.471405029296875
        },
        "25": {
          "L0_L1": 15.383614540100098,
          "L0_L2": 22.31357765197754,
          "L0_L3": 22.354236602783203,
          "L0_L4": 23.112882614135742,
          "L1_L2": 14.09779167175293,
          "L1_L3": 17.65288543701172,
          "L1_L4": 17.589435577392578,
          "L2_L3": 19.466201782226562,
          "L2_L4": 16.755470275878906,
          "L3_L4": 18.396610260009766
        },
        "30": {
          "L0_L1": 37.621612548828125,
          "L0_L2": 54.023834228515625,
          "L0_L3": 50.071903228759766,
          "L0_L4": 52.641963958740234,
          "L1_L2": 36.35336685180664,
          "L1_L3": 40.41936111450195,
          "L1_L4": 41.84808349609375,
          "L2_L3": 45.55990219116211,
          "L2_L4": 41.276302337646484,
          "L3_L4": 41.77634811401367
        },
        "35": {
          "L0_L1": 55.59731674194336,
          "L0_L2": 82.55216217041016,
          "L0_L3": 77.81322479248047,
          "L0_L4": 78.96383666992188,
          "L1_L2": 56.65064239501953,
          "L1_L3": 57.63912582397461,
          "L1_L4": 61.9290885925293,
          "L2_L3": 68.25279235839844,
          "L2_L4": 62.581844329833984,
          "L3_L4": 62.115684509277344
        }
      },
      "layer_discrimination": {
        "0": 0.9999999463318532,
        "1": 1.000000038008212,
        "2": 0.9999999371742626,
        "3": 0.9999999652998551,
        "4": 0.9999999769783172,
        "5": 1.000000106508444,
        "6": 0.9999999623843205,
        "7": 0.9999998355069603,
        "8": 1.0000000466138501,
        "9": 0.9999998064895443,
        "10": 1.000000104710449,
        "11": 0.9999998874547188,
        "12": 0.9999999241454061,
        "13": 0.9999998956220794,
        "14": 0.9999998687301369,
        "15": 0.9999998969204461,
        "16": 0.9999999387948518,
        "17": 0.999999908727524,
        "18": 0.9999999817412322,
        "19": 0.9999998602369368,
        "20": 0.9999999262487094,
        "21": 1.0000000069864892,
        "22": 0.9999999546348185,
        "23": 1.0000000533422762,
        "24": 0.999999876158676,
        "25": 0.9999999118712762,
        "26": 1.000000059561917,
        "27": 0.9999999342260519,
        "28": 1.000000040340687,
        "29": 0.9999999491612949,
        "30": 0.9999999656533254,
        "31": 0.9999999725537005,
        "32": 0.9999998659808657,
        "33": 0.9999998361911439,
        "34": 0.9999998949025529,
        "35": 0.9999998812192504,
        "36": 0.9999999688826617,
        "37": 0.9999998896950693,
        "38": 1.0000000023777693,
        "39": 0.9999999267084974
      }
    },
    "chain_2": {
      "chain": [
        "hammer",
        "tool",
        "instrument",
        "artifact",
        "object"
      ],
      "delta_norms": {
        "level0_to_level1": {
          "0": 0.06367997825145721,
          "1": 0.22096748650074005,
          "2": 0.3796139061450958,
          "3": 0.5561211109161377,
          "4": 1.0604861974716187,
          "5": 1.2769142389297485,
          "6": 1.5587760210037231,
          "7": 1.9025076627731323,
          "8": 2.2098286151885986,
          "9": 2.602262020111084,
          "10": 2.9358370304107666,
          "11": 3.1428401470184326,
          "12": 3.4205574989318848,
          "13": 3.6756324768066406,
          "14": 3.987825632095337,
          "15": 4.359856605529785,
          "16": 4.693981647491455,
          "17": 5.396451473236084,
          "18": 5.596146583557129,
          "19": 6.060719013214111,
          "20": 6.84950590133667,
          "21": 7.737611770629883,
          "22": 9.190536499023438,
          "23": 12.573244094848633,
          "24": 16.263322830200195,
          "25": 19.744897842407227,
          "26": 24.13011932373047,
          "27": 29.131202697753906,
          "28": 33.7464485168457,
          "29": 38.785213470458984,
          "30": 43.239986419677734,
          "31": 49.29853057861328,
          "32": 53.95790100097656,
          "33": 57.02846908569336,
          "34": 60.000911712646484,
          "35": 64.1376953125,
          "36": 68.49424743652344,
          "37": 74.46976470947266,
          "38": 126.04792785644531,
          "39": 170.97189331054688
        },
        "level1_to_level2": {
          "0": 0.051253918558359146,
          "1": 0.15862885117530823,
          "2": 0.27919575572013855,
          "3": 0.4499163329601288,
          "4": 0.7233102917671204,
          "5": 0.8454869985580444,
          "6": 0.993643581867218,
          "7": 1.189497947692871,
          "8": 1.417685627937317,
          "9": 1.6428126096725464,
          "10": 2.1107828617095947,
          "11": 2.429708242416382,
          "12": 2.5483922958374023,
          "13": 2.756995439529419,
          "14": 2.996133327484131,
          "15": 3.239520788192749,
          "16": 3.4162120819091797,
          "17": 3.7759897708892822,
          "18": 3.9745616912841797,
          "19": 4.198369026184082,
          "20": 4.57047700881958,
          "21": 5.078672409057617,
          "22": 6.000768661499023,
          "23": 8.400176048278809,
          "24": 10.719746589660645,
          "25": 13.783711433410645,
          "26": 16.505905151367188,
          "27": 21.33146858215332,
          "28": 25.128904342651367,
          "29": 28.276168823242188,
          "30": 31.757020950317383,
          "31": 36.25233459472656,
          "32": 38.695003509521484,
          "33": 41.054195404052734,
          "34": 43.20964813232422,
          "35": 46.849727630615234,
          "36": 50.678462982177734,
          "37": 54.77696228027344,
          "38": 99.11450958251953,
          "39": 136.1514129638672
        },
        "level2_to_level3": {
          "0": 0.04779190570116043,
          "1": 0.1544255018234253,
          "2": 0.28591111302375793,
          "3": 0.5268101096153259,
          "4": 0.8588380217552185,
          "5": 1.002967357635498,
          "6": 1.2160202264785767,
          "7": 1.5079083442687988,
          "8": 1.6997185945510864,
          "9": 1.9496090412139893,
          "10": 2.3530709743499756,
          "11": 2.633293390274048,
          "12": 2.7960855960845947,
          "13": 3.0880227088928223,
          "14": 3.3479764461517334,
          "15": 3.5757522583007812,
          "16": 3.716071605682373,
          "17": 4.148132801055908,
          "18": 4.432898044586182,
          "19": 4.737415313720703,
          "20": 5.371855735778809,
          "21": 6.024100303649902,
          "22": 7.162240028381348,
          "23": 10.511601448059082,
          "24": 13.679157257080078,
          "25": 18.767536163330078,
          "26": 22.727630615234375,
          "27": 27.657594680786133,
          "28": 32.7025032043457,
          "29": 37.41713333129883,
          "30": 42.328765869140625,
          "31": 48.58294677734375,
          "32": 51.933597564697266,
          "33": 54.77691650390625,
          "34": 57.77922439575195,
          "35": 62.54222869873047,
          "36": 66.89899444580078,
          "37": 72.11512756347656,
          "38": 126.96682739257812,
          "39": 161.80377197265625
        },
        "level3_to_level4": {
          "0": 0.05383674055337906,
          "1": 0.2029915452003479,
          "2": 0.34500640630722046,
          "3": 0.6978309154510498,
          "4": 1.2909601926803589,
          "5": 1.5492995977401733,
          "6": 1.8958919048309326,
          "7": 2.3745882511138916,
          "8": 2.8553874492645264,
          "9": 3.097611904144287,
          "10": 3.273120641708374,
          "11": 3.528317451477051,
          "12": 3.669827699661255,
          "13": 4.129918098449707,
          "14": 4.444454193115234,
          "15": 5.089176654815674,
          "16": 5.518993854522705,
          "17": 6.304481029510498,
          "18": 6.806562423706055,
          "19": 7.471231937408447,
          "20": 8.47312068939209,
          "21": 9.644794464111328,
          "22": 11.63964557647705,
          "23": 14.515920639038086,
          "24": 17.941011428833008,
          "25": 22.531835556030273,
          "26": 26.80754852294922,
          "27": 31.98782730102539,
          "28": 37.49126052856445,
          "29": 41.78038787841797,
          "30": 46.566829681396484,
          "31": 53.658935546875,
          "32": 57.36524200439453,
          "33": 60.33208465576172,
          "34": 62.751670837402344,
          "35": 66.57438659667969,
          "36": 71.0667724609375,
          "37": 76.93853759765625,
          "38": 129.33033752441406,
          "39": 159.21728515625
        }
      },
      "delta_cos_sample_layers": {
        "0": [
          [
            1.0000001192092896,
            -0.5292189121246338,
            -0.05945592373609543,
            0.10153631865978241
          ],
          [
            -0.5292189121246338,
            1.0000001192092896,
            -0.4622527062892914,
            -0.023006193339824677
          ],
          [
            -0.05945592373609543,
            -0.4622527062892914,
            1.0,
            -0.2180357277393341
          ],
          [
            0.10153631865978241,
            -0.023006193339824677,
            -0.2180357277393341,
            1.0
          ]
        ],
        "5": [
          [
            0.9999999403953552,
            -0.4618682861328125,
            -0.16528162360191345,
            0.054057151079177856
          ],
          [
            -0.4618682861328125,
            1.0,
            -0.24957717955112457,
            -0.032003503292798996
          ],
          [
            -0.16528162360191345,
            -0.24957717955112457,
            0.9999998807907104,
            -0.31151825189590454
          ],
          [
            0.054057151079177856,
            -0.032003503292798996,
            -0.31151825189590454,
            0.9999998807907104
          ]
        ],
        "10": [
          [
            1.0,
            -0.4926184117794037,
            -0.09586489200592041,
            0.05623500421643257
          ],
          [
            -0.4926184117794037,
            1.0,
            -0.38642996549606323,
            -0.01826830580830574
          ],
          [
            -0.09586489200592041,
            -0.38642996549606323,
            1.0000001192092896,
            -0.30318188667297363
          ],
          [
            0.05623500421643257,
            -0.01826830580830574,
            -0.30318188667297363,
            1.0
          ]
        ],
        "15": [
          [
            1.0,
            -0.5643649697303772,
            -0.051182448863983154,
            0.09330929070711136
          ],
          [
            -0.5643649697303772,
            1.0,
            -0.36298859119415283,
            -0.16003821790218353
          ],
          [
            -0.051182448863983154,
            -0.36298859119415283,
            1.0000001192092896,
            -0.29958587884902954
          ],
          [
            0.09330929070711136,
            -0.16003821790218353,
            -0.29958587884902954,
            1.0
          ]
        ],
        "20": [
