{
  "model": "deepseek7b",
  "n_chains": 5,
  "chain_results": {
    "chain_0": {
      "chain": [
        "apple",
        "fruit",
        "food",
        "substance",
        "object"
      ],
      "delta_norms": {
        "level0_to_level1": {
          "0": 12.823509216308594,
          "1": 15.912723541259766,
          "2": 17.979646682739258,
          "3": 37.116851806640625,
          "4": 60.237632751464844,
          "5": 59.18523025512695,
          "6": 64.3902816772461,
          "7": 83.11874389648438,
          "8": 89.98575592041016,
          "9": 84.49954223632812,
          "10": 87.05706024169922,
          "11": 95.19957733154297,
          "12": 103.36676788330078,
          "13": 107.75064849853516,
          "14": 111.54359436035156,
          "15": 114.87327575683594,
          "16": 118.80110931396484,
          "17": 123.46237182617188,
          "18": 130.06607055664062,
          "19": 138.6226806640625,
          "20": 151.96258544921875,
          "21": 171.3304901123047,
          "22": 199.53973388671875,
          "23": 251.85195922851562,
          "24": 289.5047302246094,
          "25": 331.5328369140625,
          "26": 376.193115234375,
          "27": 557.9526977539062
        },
        "level1_to_level2": {
          "0": 12.010662078857422,
          "1": 14.836362838745117,
          "2": 16.497304916381836,
          "3": 34.72223663330078,
          "4": 58.07435989379883,
          "5": 57.54851150512695,
          "6": 61.301719665527344,
          "7": 87.88897705078125,
          "8": 96.11254119873047,
          "9": 92.21593475341797,
          "10": 95.38928985595703,
          "11": 102.18350219726562,
          "12": 109.9985122680664,
          "13": 110.67896270751953,
          "14": 112.50593566894531,
          "15": 115.05968475341797,
          "16": 117.81092071533203,
          "17": 121.62664031982422,
          "18": 126.68116760253906,
          "19": 134.26852416992188,
          "20": 156.3872833251953,
          "21": 177.7750244140625,
          "22": 218.08152770996094,
          "23": 287.7396240234375,
          "24": 342.3772888183594,
          "25": 396.59161376953125,
          "26": 454.93768310546875,
          "27": 894.5021362304688
        },
        "level2_to_level3": {
          "0": 14.416800498962402,
          "1": 18.732017517089844,
          "2": 21.2218074798584,
          "3": 40.50885009765625,
          "4": 56.83270263671875,
          "5": 58.81235122680664,
          "6": 68.996337890625,
          "7": 101.23844146728516,
          "8": 113.9623031616211,
          "9": 104.02618408203125,
          "10": 108.08023071289062,
          "11": 115.50938415527344,
          "12": 124.26626586914062,
          "13": 127.03668212890625,
          "14": 130.84371948242188,
          "15": 136.58692932128906,
          "16": 140.68112182617188,
          "17": 147.4098663330078,
          "18": 152.775146484375,
          "19": 163.47625732421875,
          "20": 184.74949645996094,
          "21": 212.42604064941406,
          "22": 257.0971374511719,
          "23": 325.13043212890625,
          "24": 373.80450439453125,
          "25": 419.42938232421875,
          "26": 491.0937194824219,
          "27": 1018.2823486328125
        },
        "level3_to_level4": {
          "0": 13.062529563903809,
          "1": 15.554255485534668,
          "2": 18.25234603881836,
          "3": 38.90321731567383,
          "4": 49.56393814086914,
          "5": 57.78165817260742,
          "6": 64.60962677001953,
          "7": 92.67959594726562,
          "8": 110.70413208007812,
          "9": 101.95222473144531,
          "10": 105.26978302001953,
          "11": 112.78815460205078,
          "12": 125.49445343017578,
          "13": 127.73095703125,
          "14": 131.90098571777344,
          "15": 137.18405151367188,
          "16": 139.5323486328125,
          "17": 144.7470245361328,
          "18": 151.11871337890625,
          "19": 159.44554138183594,
          "20": 182.45684814453125,
          "21": 202.55685424804688,
          "22": 245.0859832763672,
          "23": 285.19403076171875,
          "24": 330.92218017578125,
          "25": 375.4859619140625,
          "26": 453.1506652832031,
          "27": 490.93328857421875
        }
      },
      "delta_cos_sample_layers": {
        "0": [
          [
            1.0,
            -0.3601502776145935,
            -0.04047222062945366,
            -0.10341218113899231
          ],
          [
            -0.3601502776145935,
            1.0000001192092896,
            -0.44445914030075073,
            -0.04111462086439133
          ],
          [
            -0.04047222062945366,
            -0.44445914030075073,
            1.0000001192092896,
            -0.4895299971103668
          ],
          [
            -0.10341218113899231,
            -0.04111462086439133,
            -0.4895299971103668,
            0.9999998807907104
          ]
        ],
        "5": [
          [
            1.0,
            -0.3823145925998688,
            -0.04543814808130264,
            -0.08134593069553375
          ],
          [
            -0.3823145925998688,
            1.0,
            -0.5092884302139282,
            -0.020369531586766243
          ],
          [
            -0.04543814808130264,
            -0.5092884302139282,
            1.0000001192092896,
            -0.28305643796920776
          ],
          [
            -0.08134593069553375,
            -0.020369531586766243,
            -0.28305643796920776,
            1.0000001192092896
          ]
        ],
        "10": [
          [
            1.0,
            -0.24182195961475372,
            -0.07468188554048538,
            -0.09804666042327881
          ],
          [
            -0.24182195961475372,
            1.0,
            -0.5500222444534302,
            0.010599160566926003
          ],
          [
            -0.07468188554048538,
            -0.5500222444534302,
            1.0,
            -0.3321361243724823
          ],
          [
            -0.09804666042327881,
            0.010599160566926003,
            -0.3321361243724823,
            0.9999999403953552
          ]
        ],
        "15": [
          [
            1.0000001192092896,
            -0.25122663378715515,
            -0.0713522806763649,
            -0.10001926124095917
          ],
          [
            -0.25122663378715515,
            1.0,
            -0.506354808807373,
            -0.004783442243933678
          ],
          [
            -0.0713522806763649,
            -0.506354808807373,
            0.9999998807907104,
            -0.3750198781490326
          ],
          [
            -0.10001926124095917,
            -0.004783442243933678,
            -0.3750198781490326,
            1.0
          ]
        ],
        "20": [
          [
            1.0,
            -0.24055983126163483,
            -0.05793248862028122,
            -0.1193719357252121
          ],
          [
            -0.24055983126163483,
            0.9999999403953552,
            -0.5317678451538086,
            0.01962970569729805
          ],
          [
            -0.05793248862028122,
            -0.5317678451538086,
            1.0,
            -0.32472601532936096
          ],
          [
            -0.1193719357252121,
            0.01962970569729805,
            -0.32472601532936096,
            1.0
          ]
        ],
        "25": [
          [
            1.0000001192092896,
            -0.2017529308795929,
            -0.09625492990016937,
            -0.12814068794250488
          ],
          [
            -0.2017529308795929,
            1.0,
            -0.4508160352706909,
            -0.04838418960571289
          ],
          [
            -0.09625492990016937,
            -0.4508160352706909,
            1.0000001192092896,
            -0.3472079336643219
          ],
          [
            -0.12814068794250488,
            -0.04838418960571289,
            -0.3472079336643219,
            1.0000001192092896
          ]
        ]
      },
      "level_distances_sample": {
        "0": {
          "L0_L1": 12.823509216308594,
          "L0_L2": 14.062665939331055,
          "L0_L3": 15.385619163513184,
          "L0_L4": 13.244810104370117,
          "L1_L2": 12.010662078857422,
          "L1_L3": 14.077614784240723,
          "L1_L4": 13.097005844116211,
          "L2_L3": 14.416800498962402,
          "L2_L4": 13.931883811950684,
          "L3_L4": 13.062529563903809
        },
        "5": {
          "L0_L1": 59.18523025512695,
          "L0_L2": 64.88744354248047,
          "L0_L3": 62.49409484863281,
          "L0_L4": 68.0336685180664,
          "L1_L2": 57.54851150512695,
          "L1_L3": 57.64795684814453,
          "L1_L4": 67.84344482421875,
          "L2_L3": 58.81235122680664,
          "L2_L4": 69.8126449584961,
          "L3_L4": 57.78165817260742
        },
        "10": {
          "L0_L1": 87.05706024169922,
          "L0_L2": 112.5243148803711,
          "L0_L3": 107.6872787475586,
          "L0_L4": 116.34536743164062,
          "L1_L2": 95.38928985595703,
          "L1_L3": 97.15621948242188,
          "L1_L4": 114.78726959228516,
          "L2_L3": 108.08023071289062,
          "L2_L4": 123.3095932006836,
          "L3_L4": 105.26978302001953
        },
        "15": {
          "L0_L1": 114.87327575683594,
          "L0_L2": 140.6894989013672,
          "L0_L3": 142.46080017089844,
          "L0_L4": 147.5034637451172,
          "L1_L2": 115.05968475341797,
          "L1_L3": 126.40940856933594,
          "L1_L4": 143.50572204589844,
          "L2_L3": 136.58692932128906,
          "L2_L4": 153.04100036621094,
          "L3_L4": 137.18405151367188
        },
        "20": {
          "L0_L1": 151.96258544921875,
          "L0_L2": 190.0415496826172,
          "L0_L3": 190.43923950195312,
          "L0_L4": 205.3436737060547,
          "L1_L2": 156.3872833251953,
          "L1_L3": 166.91673278808594,
          "L1_L4": 200.9469451904297,
          "L2_L3": 184.74949645996094,
          "L2_L4": 213.37908935546875,
          "L3_L4": 182.45684814453125
        },
        "25": {
          "L0_L1": 331.5328369140625,
          "L0_L2": 462.7577819824219,
          "L0_L3": 461.8625793457031,
          "L0_L4": 445.678955078125,
          "L1_L2": 396.59161376953125,
          "L1_L3": 428.04974365234375,
          "L1_L4": 447.708251953125,
          "L2_L3": 419.42938232421875,
          "L2_L4": 455.57366943359375,
          "L3_L4": 375.4859619140625
        }
      },
      "layer_discrimination": {
        "0": 1.0000000100919717,
        "1": 0.9999999283554079,
        "2": 1.000000001693391,
        "3": 0.9999999372395596,
        "4": 1.0000000306671024,
        "5": 0.9999999193646527,
        "6": 1.0000000432420635,
        "7": 0.9999999614649158,
        "8": 0.9999999880901705,
        "9": 1.000000008373348,
        "10": 0.9999999551111356,
        "11": 0.9999999610238709,
        "12": 0.9999999625366452,
        "13": 0.9999999959765904,
        "14": 0.9999998240371739,
        "15": 0.9999999925821785,
        "16": 0.9999998565792234,
        "17": 0.999999898330741,
        "18": 0.9999999081481014,
        "19": 0.9999998733867171,
        "20": 0.999999927554063,
        "21": 0.9999998652490734,
        "22": 0.9999999583072702,
        "23": 0.9999999022183709,
        "24": 0.9999999476339906,
        "25": 0.9999999960886229,
        "26": 1.000000043607786,
        "27": 0.9999999262856858
      }
    },
    "chain_1": {
      "chain": [
        "dog",
        "animal",
        "organism",
        "being",
        "entity"
      ],
      "delta_norms": {
        "level0_to_level1": {
          "0": 12.762775421142578,
          "1": 15.662084579467773,
          "2": 18.728771209716797,
          "3": 36.925899505615234,
          "4": 44.89078140258789,
          "5": 45.85390090942383,
          "6": 53.64194869995117,
          "7": 73.4576416015625,
          "8": 83.10585021972656,
          "9": 76.5366439819336,
          "10": 79.14382934570312,
          "11": 87.9609146118164,
          "12": 94.5936508178711,
          "13": 100.10139465332031,
          "14": 103.89664459228516,
          "15": 109.00588989257812,
          "16": 115.33182525634766,
          "17": 120.98978424072266,
          "18": 127.69131469726562,
          "19": 137.58218383789062,
          "20": 149.84901428222656,
          "21": 167.8496856689453,
          "22": 204.37353515625,
          "23": 278.6919860839844,
          "24": 322.471923828125,
          "25": 367.27734375,
          "26": 413.0206298828125,
          "27": 625.89892578125
        },
        "level1_to_level2": {
          "0": 16.38056755065918,
          "1": 19.175926208496094,
          "2": 20.710914611816406,
          "3": 33.703739166259766,
          "4": 36.728919982910156,
          "5": 37.596248626708984,
          "6": 43.86376190185547,
          "7": 60.468711853027344,
          "8": 65.01597595214844,
          "9": 64.00162506103516,
          "10": 66.35039520263672,
          "11": 74.28075408935547,
          "12": 80.83848571777344,
          "13": 84.91463470458984,
          "14": 87.93737030029297,
          "15": 92.40280151367188,
          "16": 97.12919616699219,
          "17": 100.29110717773438,
          "18": 105.12840270996094,
          "19": 115.14077758789062,
          "20": 124.59928894042969,
          "21": 139.87884521484375,
          "22": 171.50758361816406,
          "23": 211.04652404785156,
          "24": 248.70265197753906,
          "25": 288.06231689453125,
          "26": 360.4305114746094,
          "27": 1125.1561279296875
        },
        "level2_to_level3": {
          "0": 21.019763946533203,
          "1": 27.487672805786133,
          "2": 34.02923583984375,
          "3": 49.891868591308594,
          "4": 68.876953125,
          "5": 71.65582275390625,
          "6": 86.41813659667969,
          "7": 104.12012481689453,
          "8": 108.12490844726562,
          "9": 108.91499328613281,
          "10": 109.16149139404297,
          "11": 119.8722152709961,
          "12": 126.43670654296875,
          "13": 130.97470092773438,
          "14": 137.36387634277344,
          "15": 142.48536682128906,
          "16": 151.32740783691406,
          "17": 157.8626708984375,
          "18": 163.8739013671875,
          "19": 173.61219787597656,
          "20": 188.6822052001953,
          "21": 203.86032104492188,
          "22": 257.3617248535156,
          "23": 310.22216796875,
          "24": 336.6723327636719,
          "25": 391.7279968261719,
          "26": 477.2936706542969,
          "27": 537.1427001953125
        },
        "level3_to_level4": {
          "0": 16.855613708496094,
          "1": 23.1943359375,
          "2": 30.39754295349121,
          "3": 48.33476638793945,
          "4": 74.92755126953125,
          "5": 77.26158142089844,
          "6": 89.34896087646484,
          "7": 105.43749237060547,
          "8": 110.0823745727539,
          "9": 103.29871368408203,
          "10": 106.17101287841797,
          "11": 117.95753479003906,
          "12": 123.22543334960938,
          "13": 126.18817138671875,
          "14": 131.593505859375,
          "15": 136.37973022460938,
          "16": 142.88380432128906,
          "17": 149.1758270263672,
          "18": 154.91651916503906,
          "19": 164.37423706054688,
          "20": 179.8629608154297,
          "21": 194.2714385986328,
          "22": 239.94668579101562,
          "23": 282.0282287597656,
          "24": 300.1981506347656,
          "25": 338.17584228515625,
          "26": 390.0813903808594,
          "27": 1177.5333251953125
        }
      },
      "delta_cos_sample_layers": {
        "0": [
          [
            0.9999998807907104,
            -0.30314990878105164,
            -0.13589996099472046,
            -0.04977516457438469
          ],
          [
            -0.30314990878105164,
            1.0,
            -0.5264135599136353,
            0.027810892090201378
          ],
          [
            -0.13589996099472046,
            -0.5264135599136353,
            0.9999999403953552,
            -0.6189399361610413
          ],
          [
            -0.04977516457438469,
            0.027810892090201378,
            -0.6189399361610413,
            0.9999998807907104
          ]
        ],
        "5": [
          [
            0.9999998807907104,
            -0.3213220536708832,
            -0.04853421077132225,
            0.031615402549505234
          ],
          [
            -0.3213220536708832,
            1.0000001192092896,
            -0.19612126052379608,
            0.02657191827893257
          ],
          [
            -0.04853421077132225,
            -0.19612126052379608,
            1.0,
            -0.741793692111969
          ],
          [
            0.031615402549505234,
            0.02657191827893257,
            -0.741793692111969,
            1.0000001192092896
          ]
        ],
        "10": [
          [
            1.0,
            -0.32922691106796265,
            0.003498756093904376,
            0.0788404792547226
          ],
          [
            -0.32922691106796265,
            1.0,
            -0.25864115357398987,
            0.057055551558732986
          ],
          [
            0.003498756093904376,
            -0.25864115357398987,
            0.9999999403953552,
            -0.719260036945343
          ],
          [
            0.0788404792547226,
            0.057055551558732986,
            -0.719260036945343,
            0.9999999403953552
          ]
        ],
        "15": [
          [
            0.9999999403953552,
            -0.3050417900085449,
            -0.10116985440254211,
            0.110872782766819
          ],
          [
            -0.3050417900085449,
            1.0,
            -0.19932353496551514,
            0.013500957749783993
          ],
          [
            -0.10116985440254211,
            -0.19932353496551514,
            0.9999998807907104,
            -0.7267866730690002
          ],
          [
            0.110872782766819,
            0.013500957749783993,
            -0.7267866730690002,
            0.9999998807907104
          ]
        ],
        "20": [
          [
            1.0,
            -0.2641245424747467,
            -0.19972893595695496,
            0.17095288634300232
          ],
          [
            -0.2641245424747467,
            1.0,
            -0.1846899688243866,
            0.012735740281641483
          ],
          [
            -0.19972893595695496,
            -0.1846899688243866,
            1.0000001192092896,
            -0.7521421909332275
          ],
          [
            0.17095288634300232,
            0.012735740281641483,
            -0.7521421909332275,
            0.9999999403953552
          ]
        ],
        "25": [
          [
            1.0000001192092896,
            -0.025081641972064972,
            -0.29758453369140625,
            0.1575993001461029
          ],
          [
            -0.025081641972064972,
            0.9999998807907104,
            -0.2687007188796997,
            0.09525690227746964
          ],
          [
            -0.29758453369140625,
            -0.2687007188796997,
            0.9999998807907104,
            -0.7415589690208435
          ],
          [
            0.1575993001461029,
            0.09525690227746964,
            -0.7415589690208435,
            0.9999999403953552
          ]
        ]
      },
      "level_distances_sample": {
        "0": {
          "L0_L1": 12.762775421142578,
          "L0_L2": 17.448711395263672,
          "L0_L3": 17.63142967224121,
          "L0_L4": 12.261273384094238,
          "L1_L2": 16.38056755065918,
          "L1_L3": 18.645339965820312,
          "L1_L4": 14.440773010253906,
          "L2_L3": 21.019763946533203,
          "L2_L4": 16.951704025268555,
          "L3_L4": 16.855613708496094
        },
        "5": {
          "L0_L1": 45.85390090942383,
          "L0_L2": 49.0732307434082,
          "L0_L3": 78.5309066772461,
          "L0_L4": 65.58462524414062,
          "L1_L2": 37.596248626708984,
          "L1_L3": 74.10356140136719,
          "L1_L4": 58.322940826416016,
          "L2_L3": 71.65582275390625,
          "L2_L4": 53.76258087158203,
          "L3_L4": 77.26158142089844
        },
        "10": {
          "L0_L1": 79.14382934570312,
          "L0_L2": 84.9024887084961,
          "L0_L3": 124.25173950195312,
          "L0_L4": 110.30619049072266,
          "L1_L2": 66.35039520263672,
          "L1_L3": 112.12483215332031,
          "L1_L4": 89.308349609375,
          "L2_L3": 109.16149139404297,
          "L2_L4": 80.72410583496094,
          "L3_L4": 106.17101287841797
        },
        "15": {
          "L0_L1": 109.00588989257812,
          "L0_L2": 119.4802474975586,
          "L0_L3": 161.82186889648438,
          "L0_L4": 142.0441436767578,
          "L1_L2": 92.40280151367188,
          "L1_L3": 153.59605407714844,
          "L1_L4": 119.52182006835938,
          "L2_L3": 142.48536682128906,
          "L2_L4": 103.22555541992188,
          "L3_L4": 136.37973022460938
        },
        "20": {
          "L0_L1": 149.84901428222656,
          "L0_L2": 167.68043518066406,
          "L0_L3": 209.1399383544922,
          "L0_L4": 186.6156005859375,
          "L1_L2": 124.59928894042969,
          "L1_L3": 206.01446533203125,
          "L1_L4": 155.92529296875,
          "L2_L3": 188.6822052001953,
          "L2_L4": 130.00340270996094,
          "L3_L4": 179.8629608154297
        },
        "25": {
          "L0_L1": 367.27734375,
          "L0_L2": 461.048095703125,
          "L0_L3": 468.7708435058594,
          "L0_L4": 441.9775390625,
          "L1_L2": 288.06231689453125,
          "L1_L3": 419.27227783203125,
          "L1_L4": 335.019775390625,
          "L2_L3": 391.7279968261719,
          "L2_L4": 267.0970458984375,
          "L3_L4": 338.17584228515625
        }
      },
      "layer_discrimination": {
        "0": 0.9999999728570318,
        "1": 0.999999874554835,
        "2": 1.0000000481612952,
        "3": 1.0000000506945859,
        "4": 0.9999998505518258,
        "5": 0.9999999090514496,
        "6": 0.9999999823228314,
        "7": 0.9999998418019661,
        "8": 0.999999838783669,
        "9": 0.999999930387455,
        "10": 0.9999999016263511,
        "11": 1.0000000300125766,
        "12": 0.999999855061629,
        "13": 0.999999902934608,
        "14": 1.0000000024005649,
        "15": 0.9999998902924915,
        "16": 1.0000000477386566,
        "17": 0.9999999773422418,
        "18": 0.9999999854180128,
        "19": 0.9999999544669517,
        "20": 1.0000000009429548,
        "21": 1.0000000605363302,
        "22": 0.999999927672339,
        "23": 0.9999999785311907,
        "24": 0.999999907331211,
        "25": 0.999999968167021,
        "26": 1.0000000337269364,
        "27": 1.0000000867446839
      }
    },
    "chain_2": {
      "chain": [
        "hammer",
        "tool",
        "instrument",
        "artifact",
        "object"
      ],
      "delta_norms": {
        "level0_to_level1": {
          "0": 17.906763076782227,
          "1": 21.2048282623291,
          "2": 24.41205596923828,
          "3": 45.67526626586914,
          "4": 51.462223052978516,
          "5": 56.582157135009766,
          "6": 64.4612045288086,
          "7": 100.23136138916016,
          "8": 110.033935546875,
          "9": 105.6097183227539,
          "10": 104.89803314208984,
          "11": 116.11834716796875,
          "12": 127.63250732421875,
          "13": 136.38323974609375,
          "14": 140.26121520996094,
          "15": 148.99758911132812,
          "16": 151.38790893554688,
          "17": 156.56027221679688,
          "18": 157.1387939453125,
          "19": 166.53909301757812,
          "20": 182.3718719482422,
          "21": 203.99179077148438,
          "22": 234.72128295898438,
          "23": 269.593505859375,
          "24": 307.17181396484375,
          "25": 344.2727966308594,
          "26": 406.0437927246094,
          "27": 753.3895263671875
        },
        "level1_to_level2": {
          "0": 15.162384033203125,
          "1": 18.17629623413086,
          "2": 20.374765396118164,
          "3": 37.24868392944336,
          "4": 42.388771057128906,
          "5": 48.5190544128418,
          "6": 53.74626922607422,
          "7": 79.49185180664062,
          "8": 87.7887954711914,
          "9": 84.23834991455078,
          "10": 84.3971176147461,
          "11": 94.42882537841797,
          "12": 103.3344955444336,
          "13": 109.4756851196289,
          "14": 115.0677490234375,
          "15": 119.48699188232422,
          "16": 122.1436767578125,
          "17": 129.5009002685547,
          "18": 130.71910095214844,
          "19": 133.8086395263672,
          "20": 143.5579071044922,
          "21": 155.4078369140625,
          "22": 184.08224487304688,
          "23": 207.904541015625,
          "24": 230.17726135253906,
          "25": 253.57156372070312,
          "26": 283.4059143066406,
          "27": 749.3069458007812
        },
        "level2_to_level3": {
          "0": 16.174985885620117,
          "1": 18.352519989013672,
          "2": 19.38483428955078,
          "3": 37.83514404296875,
          "4": 43.95966720581055,
          "5": 50.925296783447266,
          "6": 56.656288146972656,
          "7": 76.28748321533203,
          "8": 88.91917419433594,
          "9": 84.77583312988281,
          "10": 86.22956085205078,
          "11": 95.87842559814453,
          "12": 103.02758026123047,
          "13": 105.54815673828125,
          "14": 107.32117462158203,
          "15": 109.06310272216797,
          "16": 112.74810028076172,
          "17": 114.06922149658203,
          "18": 117.64057159423828,
          "19": 125.97425842285156,
          "20": 137.08920288085938,
          "21": 149.92648315429688,
          "22": 178.18231201171875,
          "23": 202.08251953125,
          "24": 236.92344665527344,
          "25": 270.1488342285156,
          "26": 329.0440673828125,
          "27": 563.499267578125
        },
        "level3_to_level4": {
          "0": 15.3651704788208,
          "1": 18.453413009643555,
          "2": 20.443815231323242,
          "3": 41.74107360839844,
          "4": 52.180240631103516,
          "5": 58.79679489135742,
          "6": 66.24121856689453,
          "7": 92.75729370117188,
          "8": 106.8953857421875,
          "9": 98.87777709960938,
          "10": 101.44769287109375,
          "11": 111.23889923095703,
          "12": 117.17599487304688,
          "13": 118.99385833740234,
          "14": 122.41845703125,
          "15": 127.20146942138672,
          "16": 131.1972198486328,
          "17": 135.64366149902344,
          "18": 139.88900756835938,
          "19": 149.0554962158203,
          "20": 169.63980102539062,
          "21": 187.31057739257812,
          "22": 210.75804138183594,
          "23": 232.5469207763672,
          "24": 260.13665771484375,
          "25": 287.2889099121094,
          "26": 324.0678405761719,
          "27": 423.4791259765625
        }
      },
      "delta_cos_sample_layers": {
        "0": [
          [
            1.0,
            -0.4707455635070801,
            -0.04500800743699074,
            0.13594374060630798
          ],
          [
            -0.4707455635070801,
            1.0,
            -0.3862175941467285,
            -0.12049690634012222
          ],
          [
            -0.04500800743699074,
            -0.3862175941467285,
            1.0000001192092896,
            -0.5926077961921692
          ],
          [
            0.13594374060630798,
            -0.12049690634012222,
            -0.5926077961921692,
            0.9999999403953552
          ]
        ],
        "5": [
          [
            1.0,
            -0.37287840247154236,
            -0.05912977457046509,
            0.10048680752515793
          ],
          [
            -0.37287840247154236,
            1.0,
            -0.530025064945221,
            -0.06940798461437225
          ],
          [
            -0.05912977457046509,
            -0.530025064945221,
            1.0,
            -0.34681034088134766
          ],
          [
            0.10048680752515793,
            -0.06940798461437225,
            -0.34681034088134766,
            1.0
          ]
        ],
        "10": [
          [
            1.0,
            -0.5793988108634949,
            -0.16139987111091614,
            0.026372479274868965
          ],
          [
            -0.5793988108634949,
            0.9999999403953552,
            -0.32146671414375305,
            0.017408931627869606
          ],
          [
            -0.16139987111091614,
            -0.32146671414375305,
            1.0,
            -0.359814316034317
          ],
          [
            0.026372479274868965,
            0.017408931627869606,
            -0.359814316034317,
            1.0
          ]
        ],
        "15": [
          [
            1.0,
            -0.6267126798629761,
            -0.1307753175497055,
            0.026568230241537094
          ],
          [
            -0.6267126798629761,
            0.9999999403953552,
            -0.3055512309074402,
            -0.011932892724871635
          ],
          [
            -0.1307753175497055,
            -0.3055512309074402,
            0.9999999403953552,
            -0.37013182044029236
          ],
          [
            0.026568230241537094,
            -0.011932892724871635,
            -0.37013182044029236,
            1.0
          ]
        ],
        "20": [
          [
            1.0,
            -0.5761656165122986,
            -0.18644952774047852,
            0.055319931358098984
          ],
          [
            -0.5761656165122986,
            1.0,
            -0.25532636046409607,
            -0.07410696893930435
          ],
          [
            -0.18644952774047852,
            -0.25532636046409607,
            1.0000001192092896,
            -0.34754401445388794
          ],
          [
            0.055319931358098984,
            -0.07410696893930435,
            -0.34754401445388794,
            1.0000001192092896
          ]
        ],
        "25": [
          [
            0.9999999403953552,
            -0.539363443851471,
            -0.18749786913394928,
            0.0005242176703177392
          ],
          [
            -0.539363443851471,
            0.9999999403953552,
            -0.22884909808635712,
            -0.03992899879813194
          ],
          [
            -0.18749786913394928,
            -0.22884909808635712,
            1.0,
            -0.3743431866168976
          ],
          [
            0.0005242176703177392,
            -0.03992899879813194,
            -0.3743431866168976,
            1.0000001192092896
          ]
        ]
      },
      "level_distances_sample": {
        "0": {
          "L0_L1": 17.906763076782227,
          "L0_L2": 17.173425674438477,
          "L0_L3": 18.46736717224121,
          "L0_L4": 17.35601234436035,
          "L1_L2": 15.162384033203125,
          "L1_L3": 17.380659103393555,
          "L1_L4": 13.691880226135254,
          "L2_L3": 16.174985885620117,
          "L2_L4": 14.25325870513916,
          "L3_L4": 15.3651704788208
        },
        "5": {
          "L0_L1": 56.582157135009766,
          "L0_L2": 59.23093795776367,
          "L0_L3": 56.05094909667969,
          "L0_L4": 69.24234008789062,
          "L1_L2": 48.5190544128418,
          "L1_L3": 48.2520866394043,
          "L1_L4": 57.55387496948242,
          "L2_L3": 50.925296783447266,
          "L2_L4": 63.036338806152344,
          "L3_L4": 58.79679489135742
        },
        "10": {
          "L0_L1": 104.89803314208984,
          "L0_L2": 88.69912719726562,
          "L0_L3": 87.7740707397461,
          "L0_L4": 112.0721435546875,
          "L1_L2": 84.3971176147461,
          "L1_L3": 99.39541625976562,
          "L1_L4": 119.05475616455078,
          "L2_L3": 86.22956085205078,
          "L2_L4": 106.92060089111328,
          "L3_L4": 101.44769287109375
        },
        "15": {
          "L0_L1": 148.99758911132812,
          "L0_L2": 119.00570678710938,
          "L0_L3": 117.65725708007812,
          "L0_L4": 142.82200622558594,
          "L1_L2": 119.48699188232422,
          "L1_L3": 134.93792724609375,
          "L1_L4": 154.1300048828125,
          "L2_L3": 109.06310272216797,
          "L2_L4": 133.43653869628906,
          "L3_L4": 127.20146942138672
        },
        "20": {
          "L0_L1": 182.3718719482422,
          "L0_L2": 153.94573974609375,
          "L0_L3": 152.05279541015625,
          "L0_L4": 188.53741455078125,
          "L1_L2": 143.5579071044922,
          "L1_L3": 171.3258819580078,
          "L1_L4": 195.84674072265625,
          "L2_L3": 137.08920288085938,
          "L2_L4": 177.21823120117188,
          "L3_L4": 169.63980102539062
        },
        "25": {
          "L0_L1": 344.2727966308594,
          "L0_L2": 297.7445983886719,
          "L0_L3": 308.8730163574219,
          "L0_L4": 337.8128662109375,
          "L1_L2": 253.57156372070312,
          "L1_L3": 325.4621887207031,
          "L1_L4": 352.8979187011719,
          "L2_L3": 270.1488342285156,
          "L2_L4": 312.1044616699219,
          "L3_L4": 287.2889099121094
        }
      },
      "layer_discrimination": {
        "0": 0.9999999684569162,
        "1": 1.0000000849163997,
        "2": 0.9999999689776656,
        "3": 0.9999999960308091,
        "4": 1.000000010428503,
        "5": 0.999999926039472,
        "6": 0.9999999871112772,
        "7": 0.9999998691916273,
        "8": 1.0000000712289756,
        "9": 0.9999999053753277,
        "10": 0.9999999425934512,
        "11": 0.9999997932060882,
        "12": 0.9999999462041784,
        "13": 0.999999970068987,
        "14": 0.9999998744850562,
        "15": 1.0000000396046453,
        "16": 0.9999999830525749,
        "17": 0.9999998776525598,
        "18": 0.9999998860272972,
        "19": 0.9999999073177908,
        "20": 0.9999998952133478,
        "21": 1.000000001471727,
        "22": 0.999999964968097,
        "23": 0.9999999693547691,
        "24": 1.0000000077522773,
        "25": 0.9999999526635971,
        "26": 0.9999999986049681,
        "27": 1.0000000290189883
      }
    },
    "chain_3": {
      "chain": [
        "mountain",
        "terrain",
        "geography",
        "nature",
        "object"
      ],
      "delta_norms": {
        "level0_to_level1": {
          "0": 15.523663520812988,
          "1": 18.041671752929688,
          "2": 19.91759490966797,
          "3": 41.29945373535156,
          "4": 50.42664337158203,
          "5": 51.80318832397461,
          "6": 58.70450210571289,
          "7": 82.36012268066406,
          "8": 93.19572448730469,
          "9": 87.85395812988281,
          "10": 86.2466812133789,
          "11": 98.05903625488281,
          "12": 105.2091293334961,
          "13": 107.47002410888672,
          "14": 109.43299102783203,
          "15": 113.69806671142578,
          "16": 115.82991027832031,
          "17": 121.9607162475586,
          "18": 126.76515197753906,
          "19": 136.0782928466797,
          "20": 145.68499755859375,
          "21": 155.45826721191406,
          "22": 177.308349609375,
          "23": 191.6287384033203,
          "24": 217.52931213378906,
          "25": 240.52476501464844,
          "26": 275.43310546875,
          "27": 816.7553100585938
        },
        "level1_to_level2": {
          "0": 17.733882904052734,
          "1": 20.09536361694336,
          "2": 22.37514877319336,
          "3": 38.37656021118164,
          "4": 45.24236297607422,
          "5": 48.76563262939453,
          "6": 57.52510070800781,
          "7": 81.90776062011719,
          "8": 96.16194152832031,
          "9": 95.11243438720703,
          "10": 96.32600402832031,
          "11": 107.7551498413086,
          "12": 117.92156982421875,
          "13": 121.06307983398438,
          "14": 126.30625915527344,
          "15": 131.11810302734375,
          "16": 142.05604553222656,
          "17": 154.2239227294922,
          "18": 163.44766235351562,
          "19": 180.67718505859375,
          "20": 197.9864044189453,
          "21": 219.84451293945312,
          "22": 269.32757568359375,
          "23": 317.9592590332031,
          "24": 350.7366943359375,
          "25": 397.7146301269531,
          "26": 487.3724060058594,
          "27": 1432.0562744140625
        },
        "level2_to_level3": {
          "0": 17.4340763092041,
          "1": 20.4647216796875,
          "2": 23.256120681762695,
          "3": 45.42243194580078,
          "4": 61.52507400512695,
          "5": 62.18612289428711,
          "6": 72.569580078125,
          "7": 118.86712646484375,
          "8": 134.02609252929688,
          "9": 129.4920654296875,
          "10": 132.13865661621094,
          "11": 144.8765869140625,
          "12": 159.9838104248047,
          "13": 162.0447998046875,
          "14": 169.98130798339844,
          "15": 174.7708282470703,
          "16": 184.0422821044922,
          "17": 189.58018493652344,
          "18": 195.0813751220703,
          "19": 210.25863647460938,
          "20": 235.1170196533203,
          "21": 254.75210571289062,
          "22": 291.52386474609375,
          "23": 342.0019836425781,
          "24": 380.5022888183594,
          "25": 413.58636474609375,
          "26": 461.16302490234375,
          "27": 1847.6630859375
        },
        "level3_to_level4": {
          "0": 15.266067504882812,
          "1": 18.86090850830078,
          "2": 21.960248947143555,
          "3": 48.5570068359375,
          "4": 68.42202758789062,
          "5": 74.10675811767578,
          "6": 86.13214111328125,
          "7": 132.7793731689453,
          "8": 148.09164428710938,
          "9": 140.48178100585938,
          "10": 141.49832153320312,
          "11": 149.51686096191406,
          "12": 164.92799377441406,
          "13": 164.7568359375,
          "14": 168.80079650878906,
          "15": 175.6193389892578,
          "16": 177.94317626953125,
          "17": 180.97044372558594,
          "18": 187.8470001220703,
          "19": 197.22320556640625,
          "20": 231.9685516357422,
          "21": 250.37945556640625,
          "22": 284.1079406738281,
          "23": 320.68170166015625,
          "24": 354.81854248046875,
          "25": 381.9889221191406,
          "26": 431.4036560058594,
          "27": 1263.0054931640625
        }
      },
      "delta_cos_sample_layers": {
        "0": [
          [
            1.0,
            -0.465958833694458,
            -0.15055668354034424,
            -0.033336084336042404
          ],
          [
            -0.465958833694458,
            1.0,
            -0.4078243672847748,
            -0.1363140046596527
          ],
          [
            -0.15055668354034424,
            -0.4078243672847748,
            1.0,
            -0.39507293701171875
          ],
          [
            -0.033336084336042404,
            -0.1363140046596527,
            -0.39507293701171875,
            1.0
          ]
        ],
        "5": [
          [
            1.0,
            -0.30342185497283936,
            -0.08049286156892776,
            -0.08353463560342789
          ],
          [
            -0.30342185497283936,
            1.0,
            -0.28941935300827026,
            -0.11276749521493912
          ],
          [
            -0.08049286156892776,
            -0.28941935300827026,
            1.0,
            -0.4973407983779907
          ],
          [
            -0.08353463560342789,
